SizeX, SizeY, SizeZ :
10 10 5
bornInf, bornSup, pMin, pMax :
1.0 2.0 75 101
N Couche 0 :
1.5769230769230769 2.0 2.0 1.7307692307692308 1.1538461538461537 1.7307692307692308 1.1538461538461537 1.8461538461538463 1.8461538461538463 2.0
1.8461538461538463 2.0 2.0 1.7307692307692308 1.0 1.5769230769230769 1.7307692307692308 2.0 1.7307692307692308 1.5769230769230769
2.0 1.8461538461538463 2.0 1.5769230769230769 1.7307692307692308 1.7307692307692308 2.0 1.8461538461538463 1.2692307692307692 2.0
2.0 2.0 2.0 1.2692307692307692 2.0 1.7307692307692308 1.4230769230769231 2.0 2.0 1.8461538461538463
1.1538461538461537 2.0 1.5769230769230769 1.0 1.0 1.4230769230769231 1.0 1.0 1.4230769230769231 1.1538461538461537
1.1538461538461537 1.0 1.0 1.0 1.0 1.0 1.0 1.0 1.4230769230769231 1.8461538461538463
1.0 1.0 1.0 1.0 1.0 1.0 1.0 1.0 1.0 1.0
1.0 1.0 1.0 1.0 1.0 1.0 1.0 1.0 1.0 1.0
1.7307692307692308 1.2692307692307692 1.1538461538461537 1.0 1.0 1.0 1.0 1.0 1.0 1.0
1.2692307692307692 1.1538461538461537 1.0 1.0 1.0 1.0 1.0 1.0 1.0 1.0

N Couche 1 :
1.6923076923076923 2.0 2.0 1.815384615384616 1.1961538461538466 1.788461538461539 1.165384615384616 1.8615384615384618 1.9038461538461537 1.9730769230769236
1.8615384615384618 2.0 2.0 1.7576923076923083 1.0 1.6615384615384616 1.7423076923076928 1.9730769230769236 1.8000000000000005 1.6500000000000004
2.0 1.9192307692307695 2.0 1.619230769230769 1.7153846153846157 1.7000000000000002 2.0 1.9346153846153844 1.373076923076923 2.0
2.0 2.0 2.0 1.3846153846153846 2.0 1.7153846153846157 1.4384615384615387 2.0 2.0 1.8038461538461537
1.2692307692307698 2.0 1.5461538461538462 1.0153846153846156 1.0 1.3961538461538465 1.0 1.0 1.5230769230769234 1.2230769230769236
1.1807692307692308 1.026923076923077 1.0 1.0 1.0 1.0 1.0 1.0 1.4384615384615387 1.8461538461538463
1.0 1.0 1.0 1.0 1.0 1.0 1.0 1.0 1.0 1.0423076923076922
1.0 1.0 1.0 1.0 1.0 1.0 1.0 1.0 1.0 1.0
1.7000000000000002 1.2576923076923077 1.1961538461538466 1.0 1.0 1.0 1.0 1.0 1.0 1.0
1.3576923076923075 1.123076923076923 1.0 1.0 1.0 1.0 1.0 1.0 1.0 1.0

N Couche 2 :
2.0 2.0 2.0 2.0 1.0 2.0 1.0 1.5384615384615383 2.0 1.053846153846154
1.5384615384615383 2.0 2.0 2.0 1.1153846153846154 2.0 2.0 1.7307692307692313 2.0 1.9692307692307698
1.715384615384615 2.0 2.0 2.0 1.9153846153846152 1.4230769230769236 2.0 2.0 1.8461538461538467 2.0
1.815384615384615 1.7538461538461543 2.0 2.0 1.0 1.4538461538461538 1.4538461538461538 1.0 2.0 1.0846153846153848
2.0 2.0 1.2692307692307687 1.1538461538461544 1.4538461538461538 1.2769230769230777 1.0 1.4538461538461538 2.0 2.0
1.1769230769230772 1.7307692307692308 1.5230769230769239 2.0 1.1538461538461544 1.0 1.2769230769230777 1.0846153846153848 1.238461538461538 1.8461538461538456
1.0 1.1846153846153844 2.0 1.1230769230769226 1.0 1.0 1.0 1.0 1.5153846153846156 1.4230769230769236
1.0 1.0 1.0 1.0 1.0 1.0 1.0 1.0 1.0 1.0
1.5461538461538462 1.1538461538461544 2.0 1.0 1.0 1.0 1.0 1.0 1.0 1.0
2.0 1.0 1.0 1.284615384615385 1.0 1.0 1.0 1.0 1.0 1.0

N Couche 3 :
2.0 2.0 2.0 2.0 2.0 2.0 2.0 2.0 2.0 2.0
2.0 2.0 1.0 1.0 1.434615384615385 1.0 1.0 1.0 2.0 2.0
2.0 2.0 1.0 1.0 1.0 1.0 1.0 1.850000000000001 2.0 1.434615384615385
2.0 1.850000000000001 1.0192307692307714 1.434615384615385 1.850000000000001 1.0 1.0 1.434615384615385 1.0 1.0
1.0 1.0 1.0 1.0 1.0 1.0 1.0 1.0 1.0 1.0
1.2730769230769239 1.0 1.0 1.0 2.0 1.0 1.0 2.0 2.0 2.0
1.8461538461538471 1.0 1.0 1.0 1.0 1.0 1.0 2.0 2.0 1.0
2.0 2.0 2.0 2.0 1.0 1.3615384615384623 1.6730769230769236 2.0 1.1076923076923086 1.2692307692307692
1.0076923076923083 1.0 1.1000000000000003 1.0 2.0 1.0 1.0 2.0 1.0 2.0
1.0 1.2615384615384615 1.0 1.0 1.0 1.0 1.0 1.0 1.7192307692307693 1.0

N Couche 4 :
2.0 2.0 2.0 2.0 2.0 2.0 2.0 2.0 2.0 2.0
2.0 2.0 2.0 2.0 2.0 2.0 2.0 2.0 2.0 2.0
2.0 2.0 2.0 2.0 2.0 2.0 2.0 2.0 2.0 2.0
2.0 2.0 2.0 2.0 2.0 2.0 2.0 2.0 2.0 2.0
2.0 2.0 2.0 2.0 2.0 2.0 2.0 2.0 2.0 2.0
2.0 2.0 2.0 1.0 1.0 2.0 2.0 1.0 1.1538461538461549 2.0
2.0 2.0 1.946153846153846 1.0 1.0 2.0 1.0 1.0 1.0 2.0
1.0 1.0 1.0 1.5461538461538458 1.0 1.0 1.0 1.0 1.0 1.0
1.4230769230769242 1.8230769230769233 1.0 1.0 1.0 1.0 1.0 1.0 1.0 1.0
1.0461538461538458 1.0 1.0 1.0 1.0 1.0 1.0 1.2461538461538453 1.0 8
