0   0.000000   0.000000   0.000000
10   0.000000   0.000000   0.000000
20   0.000000   0.000000   0.000000
30   0.000000   0.000000   0.000000
40   0.000000   0.000000   0.000000
50   0.000000   0.000000   0.000000
60   0.000000   0.000000   0.000000
70   0.000000   0.000000   0.000000
80   0.000000   0.000000   0.000000
90   0.000000   0.000000   0.000000
100   0.000000   0.000000   0.000000
110   0.000000   0.000000   0.000000
120   0.000000   0.000000   0.000000
130   0.000000   0.000000   0.000000
140   0.000000   0.000000   0.000000
150   0.000000   0.000000   0.000000
160   0.000000   0.000000   0.000000
170   0.000000   0.000000   0.000000
180   0.000000   0.000000   0.000000
190   0.000000   0.000000   0.000000
200   0.000000   0.000000   0.000000
210   0.000000   0.000000   0.000000
220   0.000000   0.000000   0.000000
230   0.000000   0.000000   0.000000
240   0.000000   0.000000   0.000000
250   0.000000   0.000000   0.000000
260   0.000000   0.000000   0.000000
270   0.000000   0.000000   0.000000
280   0.000000   0.000000   0.000000
290   0.000000   0.000000   0.000000
300   0.000000   0.000000   0.000000
310   0.000000   0.000000   0.000000
320   0.000008   0.000000   0.000000
330   0.000946   0.000000   0.000000
340   0.008995   0.000000   0.000000
350   0.014682   0.000000   0.000000
360   0.016695   0.000000   0.000000
370   0.014076   0.000000   0.000000
380   0.006596   0.000000   0.000000
390   -0.006221   0.000027   0.000000
400   -0.016821   0.001071   0.000000
410   -0.022932   0.013089   0.000000
420   -0.022732   0.049947   0.000000
430   -0.016657   0.071209   0.000000
440   -0.006203   0.073463   0.000000
450   0.006023   0.054377   0.000000
460   0.016616   0.023583   0.000000
470   0.022689   -0.016037   0.000000
480   0.022773   -0.050634   0.000000
490   0.016745   -0.070636   0.000007
500   0.006195   -0.072679   0.000139
510   -0.006021   -0.053308   0.001316
520   -0.016617   -0.010981   0.005714
530   -0.022755   0.045668   0.011354
540   -0.022798   0.088626   0.012216
550   -0.016745   0.104098   0.010616
560   -0.006216   0.096541   0.005675
570   0.005994   0.058817   -0.000347
580   0.016725   0.008385   -0.006707
590   0.023573   -0.046567   -0.010904
600   0.025667   -0.086801   -0.012392
610   0.022399   -0.105154   -0.010546
620   0.012571   -0.093085   -0.005738
630   -0.001032   -0.050686   0.000452
640   -0.013715   0.008881   0.006573
650   -0.023315   0.065776   0.011002
660   -0.026193   0.102142   0.012387
670   -0.022392   0.113704   0.010472
680   -0.012298   0.094009   0.005812
690   0.000773   0.048903   -0.000458
700   0.013916   -0.009406   -0.006616
710   0.023153   -0.064465   -0.010908
720   0.026279   -0.102142   -0.012089
730   0.022347   -0.111650   -0.009495
740   0.012353   -0.088274   -0.003480
750   -0.000822   -0.039141   0.003764
760   -0.013882   0.018333   0.009450
770   -0.023186   0.071065   0.012677
780   -0.026246   0.105296   0.012787
790   -0.022306   0.111126   0.009138
800   -0.012213   0.086814   0.003292
810   0.001398   0.039972   -0.003618
820   0.015013   -0.018158   -0.009418
830   0.024837   -0.070794   -0.012790
840   0.027729   -0.103795   -0.012676
850   0.023103   -0.107034   -0.009230
860   0.012540   -0.082559   -0.003212
870   -0.001538   -0.035170   0.003549
880   -0.015218   0.020666   0.009471
890   -0.024708   0.071642   0.012747
900   -0.027705   0.102957   0.012716
910   -0.023160   0.107030   0.009199
920   -0.012534   0.082489   0.003246
930   0.001581   0.035511   -0.003496
940   0.015166   -0.020277   -0.009265
950   0.024750   -0.070661   -0.012300
960   0.027658   -0.100813   -0.011938
970   0.023223   -0.104456   -0.008402
980   0.012471   -0.080670   -0.002698
990   -0.001539   -0.034560   0.003713
1000   -0.015174   0.020566   0.009241
1010   -0.024693   0.070090   0.012208
1020   -0.027591   0.100642   0.011903
1030   -0.022975   0.104878   0.008470
1040   -0.012451   0.080716   0.002694
1050   0.000824   0.034620   -0.003752
1060   0.014093   -0.019650   -0.009220
1070   0.023445   -0.068826   -0.012186
1080   0.026631   -0.099658   -0.011937
1090   0.022852   -0.104118   -0.008425
1100   0.013141   -0.080038   -0.002690
1110   -0.000126   -0.035538   0.003750
1120   -0.013457   0.016958   0.009214
1130   -0.023089   0.063226   0.012214
1140   -0.026538   0.093496   0.011913
1150   -0.022938   0.098120   0.008481
1160   -0.013151   0.077309   0.002791
1170   0.000136   0.035102   -0.003594
1180   0.013384   -0.015781   -0.009024
1190   0.023087   -0.062717   -0.012019
1200   0.026581   -0.093053   -0.011874
1210   0.022919   -0.098345   -0.008527
1220   0.013174   -0.077588   -0.003077
1230   -0.000107   -0.037167   0.002810
1240   -0.013340   0.012600   0.007925
1250   -0.022782   0.059719   0.011069
1260   -0.025870   0.090635   0.011125
1270   -0.021817   0.097090   0.008267
1280   -0.012056   0.078058   0.003144
1290   0.000847   0.037777   -0.002758
1300   0.013431   -0.012543   -0.007978
1310   0.022010   -0.059524   -0.011042
1320   0.024674   -0.090157   -0.011123
1330   0.020831   -0.096446   -0.008266
1340   0.011412   -0.075891   -0.003157
1350   -0.001162   -0.034193   0.002775
1360   -0.013309   0.015423   0.007981
1370   -0.021985   0.061379   0.011057
1380   -0.024673   0.091363   0.011164
1390   -0.020850   0.096319   0.008312
1400   -0.011374   0.075548   0.003218
1410   0.001125   0.034758   -0.002749
1420   0.013312   -0.015311   -0.007944
1430   0.021962   -0.061399   -0.010948
1440   0.024716   -0.090560   -0.010892
1450   0.020865   -0.095026   -0.007811
1460   0.011425   -0.073865   -0.002664
1470   -0.000985   -0.033372   0.003137
1480   -0.013081   0.016124   0.008153
1490   -0.021668   0.061651   0.010955
1500   -0.024459   0.090432   0.010832
1510   -0.020711   0.095062   0.007820
1520   -0.011335   0.073999   0.002678
1530   0.001085   0.033517   -0.003150
1540   0.013189   -0.015642   -0.008143
1550   0.021786   -0.060619   -0.010953
1560   0.024509   -0.088622   -0.010850
1570   0.020712   -0.092751   -0.007794
1580   0.011320   -0.072614   -0.002688
1590   -0.001070   -0.032970   0.003156
1600   -0.013201   0.015962   0.008160
1610   -0.021760   0.060269   0.010972
1620   -0.024528   0.088462   0.010851
1630   -0.020692   0.093156   0.007825
1640   -0.011325   0.072693   0.002738
1650   0.001082   0.033095   -0.003021
1660   0.013198   -0.015168   -0.007889
1670   0.021778   -0.059170   -0.010620
1680   0.024546   -0.087575   -0.010554
1690   0.020744   -0.092537   -0.007673
1700   0.011401   -0.072449   -0.002697
1710   -0.001012   -0.033098   0.002979
1720   -0.013115   0.014902   0.007852
1730   -0.021711   0.059310   0.010649
1740   -0.024432   0.087751   0.010559
1750   -0.020559   0.092540   0.007654
1760   -0.011165   0.072811   0.002712
1770   0.001175   0.033846   -0.002982
1780   0.013234   -0.014165   -0.007860
1790   0.021757   -0.058519   -0.010642
1800   0.024381   -0.087392   -0.010556
1810   0.020489   -0.092516   -0.007661
1820   0.011118   -0.072711   -0.002702
1830   -0.001233   -0.033605   0.002984
1840   -0.013268   0.014709   0.007875
1850   -0.021733   0.059294   0.010646
1860   -0.024385   0.087790   0.010614
1870   -0.020491   0.092799   0.007747
1880   -0.011114   0.073171   0.002832
1890   0.001249   0.034038   -0.002849
1900   0.013269   -0.014504   -0.007781
1910   0.021759   -0.059175   -0.010636
1920   0.024404   -0.087659   -0.010607
1930   0.020523   -0.092828   -0.007717
1940   0.011149   -0.073061   -0.002759
1950   -0.001231   -0.033590   0.002956
1960   -0.013292   0.014855   0.007864
1970   -0.021831   0.059260   0.010663
1980   -0.024556   0.087971   0.010614
1990   -0.020678   0.093134   0.007715
2000   -0.011233   0.073244   0.002753
2010   0.001250   0.033806   -0.002949
2020   0.013441   -0.014813   -0.007866
2030   0.021989   -0.059454   -0.010663
2040   0.024664   -0.088318   -0.010610
2050   0.020728   -0.093763   -0.007713
2060   0.011245   -0.073954   -0.002753
2070   -0.001275   -0.034283   0.002968
2080   -0.013427   0.014565   0.007891
2090   -0.021993   0.059505   0.010700
2100   -0.024664   0.088611   0.010658
2110   -0.020726   0.093849   0.007760
2120   -0.011235   0.073999   0.002753
2130   0.001276   0.034268   -0.002983
2140   0.013434   -0.014637   -0.007932
2150   0.022005   -0.059806   -0.010795
2160   0.024678   -0.088932   -0.010784
2170   0.020751   -0.094134   -0.007849
2180   0.011269   -0.074194   -0.002820
2190   -0.001234   -0.034428   0.002956
2200   -0.013412   0.014839   0.007948
2210   -0.021997   0.059991   0.010808
2220   -0.024705   0.088864   0.010772
2230   -0.020802   0.094195   0.007853
2240   -0.011346   0.074277   0.002822
2250   0.001173   0.034300   -0.002958
2260   0.013378   -0.014928   -0.007947
2270   0.021985   -0.059988   -0.010807
2280   0.024708   -0.088926   -0.010769
2290   0.020823   -0.094249   -0.007845
2300   0.011330   -0.074263   -0.002812
2310   -0.001180   -0.034195   0.002975
2320   -0.013364   0.014971   0.007960
2330   -0.021984   0.059977   0.010814
2340   -0.024714   0.088962   0.010772
2350   -0.020806   0.094253   0.007833
2360   -0.011335   0.074200   0.002806
2370   0.001171   0.034186   -0.002983
2380   0.013386   -0.015022   -0.007977
2390   0.022008   -0.059966   -0.010822
2400   0.024730   -0.088983   -0.010768
2410   0.020841   -0.094249   -0.007838
2420   0.011356   -0.074134   -0.002804
2430   -0.001184   -0.034131   0.002988
2440   -0.013391   0.014958   0.007975
2450   -0.022026   0.060036   0.010818
2460   -0.024766   0.089028   0.010772
2470   -0.020854   0.094236   0.007840
2480   -0.011363   0.074228   0.002802
2490   0.001168   0.034273   -0.002989
2500   0.013404   -0.014934   -0.007968
2510   0.022036   -0.060029   -0.010817
2520   0.024763   -0.088993   -0.010767
2530   0.020867   -0.094230   -0.007835
2540   0.011370   -0.074313   -0.002797
2550   -0.001175   -0.034299   0.002991
2560   -0.013395   0.014956   0.007969
2570   -0.022035   0.059973   0.010823
2580   -0.024765   0.088992   0.010783
2590   -0.020855   0.094349   0.007847
2600   -0.011368   0.074335   0.002807
2610   0.001184   0.034281   -0.002981
2620   0.013415   -0.014905   -0.007973
2630   0.022038   -0.059968   -0.010829
2640   0.024769   -0.089016   -0.010786
2650   0.020868   -0.094378   -0.007855
2660   0.011365   -0.074334   -0.002817
2670   -0.001168   -0.034256   0.002979
2680   -0.013383   0.014901   0.007970
2690   -0.022017   0.059995   0.010828
2700   -0.024752   0.089145   0.010788
2710   -0.020862   0.094435   0.007855
2720   -0.011381   0.074313   0.002817
2730   0.001151   0.034274   -0.002978
2740   0.013369   -0.014834   -0.007969
2750   0.022010   -0.059941   -0.010825
2760   0.024753   -0.089085   -0.010789
2770   0.020862   -0.094309   -0.007853
2780   0.011382   -0.074198   -0.002809
2790   -0.001149   -0.034292   0.002984
2800   -0.013371   0.014838   0.007978
2810   -0.022010   0.060030   0.010839
2820   -0.024748   0.089095   0.010795
2830   -0.020856   0.094277   0.007853
2840   -0.011378   0.074241   0.002812
2850   0.001153   0.034313   -0.002975
2860   0.013376   -0.014818   -0.007964
2870   0.022005   -0.059966   -0.010823
2880   0.024744   -0.089035   -0.010780
2890   0.020847   -0.094253   -0.007849
2900   0.011369   -0.074221   -0.002813
2910   -0.001163   -0.034272   0.002974
2920   -0.013372   0.014854   0.007963
2930   -0.021997   0.059959   0.010824
2940   -0.024730   0.089042   0.010782
2950   -0.020836   0.094268   0.007847
2960   -0.011360   0.074177   0.002814
2970   0.001162   0.034231   -0.002971
2980   0.013377   -0.014854   -0.007965
2990   0.021997   -0.059962   -0.010823
3000   0.024732   -0.089068   -0.010776
3010   0.020836   -0.094269   -0.007842
3020   0.011357   -0.074128   -0.002811
3030   -0.001162   -0.034194   0.002976
3040   -0.013375   0.014804   0.007967
3050   -0.021996   0.059962   0.010821
3060   -0.024728   0.089116   0.010771
3070   -0.020836   0.094231   0.007839
3080   -0.011357   0.074072   0.002808
3090   0.001162   0.034227   -0.002982
3100   0.013375   -0.014787   -0.007970
3110   0.021995   -0.059999   -0.010818
3120   0.024723   -0.089109   -0.010772
3130   0.020837   -0.094173   -0.007841
3140   0.011354   -0.074069   -0.002806
3150   -0.001162   -0.034265   0.002983
3160   -0.013376   0.014804   0.007968
3170   -0.021995   0.060011   0.010818
3180   -0.024720   0.089056   0.010773
3190   -0.020835   0.094153   0.007841
3200   -0.011357   0.074080   0.002805
3210   0.001164   0.034246   -0.002980
3220   0.013372   -0.014813   -0.007965
3230   0.021999   -0.059989   -0.010818
3240   0.024720   -0.089039   -0.010772
3250   0.020835   -0.094151   -0.007839
3260   0.011353   -0.074091   -0.002806
3270   -0.001162   -0.034235   0.002977
3280   -0.013369   0.014820   0.007964
3290   -0.021995   0.059956   0.010816
3300   -0.024724   0.089029   0.010766
3310   -0.020835   0.094170   0.007836
3320   -0.011352   0.074079   0.002808
3330   0.001167   0.034224   -0.002978
3340   0.013364   -0.014795   -0.007964
3350   0.021997   -0.059939   -0.010812
3360   0.024722   -0.089045   -0.010767
3370   0.020833   -0.094173   -0.007838
3380   0.011345   -0.074056   -0.002805
3390   -0.001168   -0.034233   0.002978
3400   -0.013368   0.014765   0.007962
3410   -0.021997   0.059964   0.010814
3420   -0.024723   0.089055   0.010767
3430   -0.020827   0.094138   0.007837
3440   -0.011345   0.074066   0.002807
3450   0.001168   0.034263   -0.002977
3460   0.013369   -0.014798   -0.007962
3470   0.022000   -0.059995   -0.010814
3480   0.024720   -0.089035   -0.010768
3490   0.020827   -0.094133   -0.007837
3500   0.011346   -0.074099   -0.002808
3510   -0.001166   -0.034268   0.002976
3520   -0.013373   0.014832   0.007963
3530   -0.021999   0.059992   0.010814
3540   -0.024718   0.089002   0.010767
3550   -0.020828   0.094145   0.007837
3560   -0.011348   0.074127   0.002806
3570   0.001166   0.034247   -0.002978
3580   0.013374   -0.014861   -0.007964
3590   0.021997   -0.059978   -0.010815
3600   0.024721   -0.088979   -0.010767
3610   0.020829   -0.094166   -0.007836
3620   0.011349   -0.074143   -0.002807
3630   -0.001167   -0.034216   0.002977
3640   -0.013376   0.014872   0.007966
3650   -0.021999   0.059947   0.010815
3660   -0.024723   0.088991   0.010766
3670   -0.020832   0.094194   0.007837
3680   -0.011348   0.074136   0.002809
3690   0.001165   0.034217   -0.002979
3700   0.013378   -0.014853   -0.007966
3710   0.021996   -0.059952   -0.010813
3720   0.024726   -0.088998   -0.010765
3730   0.020828   -0.094181   -0.007838
3740   0.011352   -0.074134   -0.002808
3750   -0.001167   -0.034233   0.002980
3760   -0.013377   0.014861   0.007966
3770   -0.021997   0.059974   0.010813
3780   -0.024724   0.088983   0.010767
3790   -0.020831   0.094171   0.007841
3800   -0.011351   0.074165   0.002807
3810   0.001166   0.034240   -0.002981
3820   0.013378   -0.014887   -0.007964
3830   0.021994   -0.059972   -0.010813
3840   0.024729   -0.088957   -0.010770
3850   0.020827   -0.094173   -0.007839
3860   0.011354   -0.074188   -0.002805
3870   -0.001167   -0.034236   0.002979
3880   -0.013374   0.014915   0.007964
3890   -0.021999   0.059962   0.010815
3900   -0.024724   0.088932   0.010770
3910   -0.020829   0.094194   0.007838
3920   -0.011355   0.074208   0.002806
3930   0.001167   0.034212   -0.002978
3940   0.013377   -0.014924   -0.007964
3950   0.021995   -0.059935   -0.010815
3960   0.024728   -0.088931   -0.010769
3970   0.020831   -0.094219   -0.007839
3980   0.011353   -0.074201   -0.002807
3990   -0.001170   -0.034191   0.002979
4000   -0.013371   0.014908   0.007964
