10   0.000000
20   0.000000
30   0.000000
40   0.000000
50   0.000000
60   0.000000
70   0.000000
80   0.000000
90   0.000000
100   0.000000
110   0.000000
120   0.000000
130   0.000000
140   0.000000
150   0.000000
160   0.000000
170   0.000000
180   0.000000
190   0.000000
200   0.000000
210   0.000000
220   0.000000
230   0.000000
240   0.000000
250   0.000000
260   0.000000
270   0.000000
280   0.000000
290   0.000000
300   0.000000
310   0.000000
320   0.000000
330   0.000000
340   0.000000
350   0.000000
360   0.000000
370   0.000000
380   0.000000
390   0.000000
400   0.000001
410   0.000649
420   0.122941
430   3.128460
440   9.786586
450   15.934845
460   21.954233
470   27.983371
480   34.115069
490   40.027878
500   45.997794
510   51.803756
520   57.651231
530   63.339901
540   68.934238
550   74.480298
560   79.929953
570   85.252890
580   90.447545
590   95.516347
600   100.456636
610   105.262209
620   109.925926
630   114.440887
640   118.800552
650   122.998394
660   127.027443
670   130.880175
680   134.549256
690   138.029311
700   141.318706
710   144.418917
720   147.329896
730   150.044298
740   152.548137
750   154.831518
760   156.898839
770   158.761429
780   160.416786
790   161.845728
800   163.039284
810   164.013055
820   164.776891
830   165.311721
840   165.604692
850   165.675947
860   165.534614
870   165.156810
880   164.541508
890   163.715181
900   162.668310
910   161.381839
920   159.880780
930   158.172565
940   156.232183
950   154.077989
960   151.727468
970   149.155521
980   146.377087
990   143.413197
1000   140.239403
1010   136.872582
1020   133.332049
1030   129.593998
1040   125.681841
1050   121.607616
1060   117.350912
1070   112.943108
1080   108.383457
1090   103.661971
1100   98.813089
1110   93.821892
1120   88.697283
1130   83.464460
1140   78.103069
1150   72.641961
1160   67.084377
1170   61.423220
1180   55.692144
1190   49.874562
1200   43.990252
1210   38.052988
1220   32.050635
1230   26.017444
1240   19.940483
1250   13.836121
1260   7.706700
1270   1.285431
1280   -6.852146
1290   -16.674023
1300   -25.504018
1310   -34.670915
1320   -43.921961
1330   -52.968946
1340   -61.887060
1350   -70.725417
1360   -79.500660
1370   -88.173681
1380   -96.676029
1390   -105.031127
1400   -113.289700
1410   -121.467230
1420   -129.394965
1430   -137.110969
1440   -144.752169
1450   -152.087780
1460   -159.280116
1470   -166.229813
1480   -172.946328
1490   -179.444224
1500   -185.683761
1510   -191.662256
1520   -197.408366
1530   -202.831583
1540   -208.036137
1550   -212.920380
1560   -217.498213
1570   -221.828386
1580   -225.821294
1590   -229.483332
1600   -232.876494
1610   -235.940089
1620   -238.660333
1630   -241.046348
1640   -243.131008
1650   -244.885004
1660   -246.288808
1670   -247.345140
1680   -248.059029
1690   -248.451689
1700   -248.503262
1710   -248.222912
1720   -247.588675
1730   -246.616418
1740   -245.298515
1750   -243.645712
1760   -241.660273
1770   -239.342880
1780   -236.704809
1790   -233.736720
1800   -230.456394
1810   -226.852248
1820   -222.945394
1830   -218.725532
1840   -214.210821
1850   -209.398212
1860   -204.300433
1870   -198.922535
1880   -193.269100
1890   -187.354585
1900   -181.177875
1910   -174.759703
1920   -168.094666
1930   -161.207239
1940   -154.092696
1950   -146.774564
1960   -139.250524
1970   -131.540143
1980   -123.647123
1990   -115.584655
2000   -107.362624
2010   -98.988609
2020   -90.481036
2030   -81.843905
2040   -73.101584
2050   -64.255133
2060   -55.330816
2070   -46.325979
2080   -37.263158
2090   -28.139927
2100   -18.979626
2110   -9.798338
2120   -0.700842
2130   8.065877
2140   16.609419
2150   25.322328
2160   33.874302
2170   42.460294
2180   50.986044
2190   59.388888
2200   67.722176
2210   75.979241
2220   84.149493
2230   92.195825
2240   100.111886
2250   107.876976
2260   115.496630
2270   122.958132
2280   130.258060
2290   137.378444
2300   144.311844
2310   151.050291
2320   157.579158
2330   163.887800
2340   169.971002
2350   175.831406
2360   181.436804
2370   186.799386
2380   191.918617
2390   196.759336
2400   201.321497
2410   205.636323
2420   209.646364
2430   213.384421
2440   216.808099
2450   219.956952
2460   222.797201
2470   225.331506
2480   227.547108
2490   229.467520
2500   231.065219
2510   232.349746
2520   233.301121
2530   233.955645
2540   234.278223
2550   234.272677
2560   233.958160
2570   233.314842
2580   232.361498
2590   231.075950
2600   229.479886
2610   227.577347
2620   225.354956
2630   222.813657
2640   219.988244
2650   216.852737
2660   213.410281
2670   209.681897
2680   205.677099
2690   201.376092
2700   196.800009
2710   191.960508
2720   186.855689
2730   181.493382
2740   175.887274
2750   170.032992
2760   163.941623
2770   157.639864
2780   151.118933
2790   144.382540
2800   137.450705
2810   130.335517
2820   123.030591
2830   115.568718
2840   107.949847
2850   100.176678
2860   92.264252
2870   84.234561
2880   76.075370
2890   67.818842
2900   59.473055
2910   51.041541
2920   42.538882
2930   33.988862
2940   25.380043
2950   16.742086
2960   8.097788
2970   -0.494877
2980   -8.914606
2990   -17.250047
3000   -25.676492
3010   -33.978843
3020   -42.298631
3030   -50.517238
3040   -58.680864
3050   -66.783152
3060   -74.770863
3070   -82.643082
3080   -90.420580
3090   -98.097105
3100   -105.620833
3110   -112.992529
3120   -120.208143
3130   -127.256924
3140   -134.136944
3150   -140.838329
3160   -147.334852
3170   -153.642770
3180   -159.733948
3190   -165.601157
3200   -171.242656
3210   -176.646493
3220   -181.809839
3230   -186.741708
3240   -191.406123
3250   -195.807212
3260   -199.933999
3270   -203.790812
3280   -207.380712
3290   -210.672912
3300   -213.667072
3310   -216.392881
3320   -218.804374
3330   -220.911106
3340   -222.732589
3350   -224.223234
3360   -225.391931
3370   -226.205527
3380   -226.562558
3390   -226.378490
3400   -225.426249
3410   -223.543513
3420   -220.648030
3430   -216.901138
3440   -212.779166
3450   -208.733719
3460   -204.897940
3470   -200.860690
3480   -196.158342
3490   -190.878669
3500   -185.555475
3510   -180.331084
3520   -174.736270
3530   -168.564801
3540   -162.280844
3550   -156.081035
3560   -149.470872
3570   -142.445438
3580   -135.492675
3590   -128.407581
3600   -120.882331
3610   -113.307563
3620   -105.741576
3630   -97.780558
3640   -89.758206
3650   -81.775246
3660   -73.451613
3670   -65.125265
3680   -56.806493
3690   -48.197969
3700   -39.699190
3710   -31.121297
3720   -22.371210
3730   -13.785579
3740   -5.031534
3750   3.699871
3760   12.335392
3770   21.109141
3780   29.692854
3790   38.354412
3800   46.933609
3810   55.386704
3820   63.902852
3830   72.216271
3840   80.578506
3850   88.705264
3860   96.770388
3870   104.701002
3880   112.442316
3890   120.124408
3900   127.516493
3910   134.867182
3920   141.899388
3930   148.852319
3940   155.522103
3950   162.027232
3960   168.288377
3970   174.310947
3980   180.128362
3990   185.644646
4000   190.972409
4010   195.967649
4020   200.773986
4030   205.220561
4040   209.470446
4050   213.347280
4060   217.022547
4070   220.301714
4080   223.375695
4090   226.046908
4100   228.508574
4110   230.558091
4120   232.385516
4130   233.810837
4140   234.995945
4150   235.780074
4160   236.309597
4170   236.456937
4180   236.338519
4190   235.839248
4200   235.065035
4210   233.938421
4220   232.532795
4230   230.813145
4240   228.833779
4250   226.642521
4260   224.221220
4270   221.652734
4280   218.804563
4290   215.714977
4300   212.174747
4310   208.346187
4320   204.176380
4330   199.851925
4340   195.251671
4350   190.347956
4360   185.142458
4370   179.691011
4380   174.087514
4390   168.155836
4400   162.010037
4410   155.628078
4420   149.105933
4430   142.298120
4440   135.306376
4450   128.186311
4460   120.829525
4470   113.330866
4480   105.670744
4490   97.892709
4500   89.925005
4510   81.887401
4520   73.723129
4530   65.420210
4540   57.102141
4550   48.626872
4560   40.138250
4570   31.585902
4580   22.956961
4590   14.353655
4600   5.674796
4610   -2.975717
4620   -11.635380
4630   -20.284762
4640   -28.890410
4650   -37.480960
4660   -45.994533
4670   -54.481244
4680   -62.892046
4690   -71.206675
4700   -79.446293
4710   -87.542113
4720   -95.553267
4730   -103.413431
4740   -111.130686
4750   -118.721105
4760   -126.105210
4770   -133.367085
4780   -140.399995
4790   -147.265554
4800   -153.930575
4810   -160.359789
4820   -166.608085
4830   -172.598700
4840   -178.357961
4850   -183.885302
4860   -189.143812
4870   -194.155011
4880   -198.903546
4890   -203.350947
4900   -207.566413
4910   -211.446720
4920   -215.082761
4930   -218.394645
4940   -221.411041
4950   -224.133872
4960   -226.544431
4970   -228.634863
4980   -230.445417
4990   -231.892529
5000   -233.059375
5010   -233.889795
5020   -234.391133
5030   -234.595403
5040   -234.465569
5050   -234.008677
5060   -233.266974
5070   -232.180599
5080   -230.836742
5090   -229.233136
5100   -227.396427
5110   -225.387232
5120   -223.166093
5130   -220.686801
5140   -217.896444
5150   -214.709349
5160   -211.164190
5170   -207.383625
5180   -203.360208
5190   -199.102135
5200   -194.492624
5210   -189.580786
5220   -184.475404
5230   -179.142491
5240   -173.508384
5250   -167.624144
5260   -161.556822
5270   -155.269283
5280   -148.735901
5290   -141.989123
5300   -135.105904
5310   -127.995866
5320   -120.691392
5330   -113.277980
5340   -105.671850
5350   -97.902618
5360   -90.054390
5370   -82.047551
5380   -73.909349
5390   -65.724789
5400   -57.401329
5410   -49.011184
5420   -40.585211
5430   -32.052458
5440   -23.506209
5450   -14.937147
5460   -6.308592
5470   2.291699
5480   10.927982
5490   19.551583
5500   28.181830
5510   36.830185
5520   45.503831
5530   54.255931
5540   63.027490
5550   71.905932
5560   80.753581
5570   89.516767
5580   98.127823
5590   106.451628
5600   114.584562
5610   122.541771
5620   130.421895
5630   138.193020
5640   145.803170
5650   153.113231
5660   160.153674
5670   167.003778
5680   173.703740
5690   180.189214
5700   186.360943
5710   192.228694
5720   197.857691
5730   203.322308
5740   208.435087
5750   213.217776
5760   217.724821
5770   222.003419
5780   225.942148
5790   229.536925
5800   232.807094
5810   235.848071
5820   238.507580
5830   240.804861
5840   242.811439
5850   244.531819
5860   245.835505
5870   246.813315
5880   247.511506
5890   247.843096
5900   247.773826
5910   247.448412
5920   246.763089
5930   245.676772
5940   244.294745
5950   242.571761
5960   240.436765
5970   237.997602
5980   235.241932
5990   232.115048
6000   228.729888
6010   225.046547
6020   220.999628
6030   216.666024
6040   212.063178
6050   207.114036
6060   201.941257
6070   196.477079
6080   190.693869
6090   184.711860
6100   178.461020
6110   171.936652
6120   165.208004
6130   158.244269
6140   151.053496
6150   143.670170
6160   136.071352
6170   128.315314
6180   120.357619
6190   112.232162
6200   103.995580
6210   95.548212
6220   87.026330
6230   78.370510
6240   69.579290
6250   60.742290
6260   51.779255
6270   42.765484
6280   33.693282
6290   24.560805
6300   15.416539
6310   6.226589
6320   -2.947708
6330   -12.126236
6340   -21.293918
6350   -30.400745
6360   -39.486831
6370   -48.473273
6380   -57.394044
6390   -66.192369
6400   -74.887174
6410   -83.472869
6420   -91.913776
6430   -100.286332
6440   -108.499583
6450   -116.601582
6460   -124.525454
6470   -132.268520
6480   -139.823502
6490   -147.167629
6500   -154.367299
6510   -161.315753
6520   -168.068872
6530   -174.562875
6540   -180.821132
6550   -186.844803
6560   -192.617481
6570   -198.121098
6580   -203.329683
6590   -208.286448
6600   -212.950878
6610   -217.334714
6620   -221.384736
6630   -225.172271
6640   -228.626635
6650   -231.784445
6660   -234.601299
6670   -237.120804
6680   -239.303687
6690   -241.158900
6700   -242.680173
6710   -243.879286
6720   -244.736403
6730   -245.256441
6740   -245.451153
6750   -245.289332
6760   -244.812515
6770   -243.979954
6780   -242.816271
6790   -241.303455
6800   -239.454014
6810   -237.247873
6820   -234.722545
6830   -231.854504
6840   -228.701143
6850   -225.214222
6860   -221.452096
6870   -217.358607
6880   -212.969815
6890   -208.275515
6900   -203.337712
6910   -198.078395
6920   -192.573015
6930   -186.789190
6940   -180.761497
6950   -174.471578
6960   -167.964379
6970   -161.195998
6980   -154.242970
6990   -147.044292
7000   -139.668498
7010   -132.089997
7020   -124.334624
7030   -116.400774
7040   -108.326028
7050   -100.075927
7060   -91.713509
7070   -83.213857
7080   -74.596484
7090   -65.883976
7100   -57.081448
7110   -48.196396
7120   -39.242585
7130   -30.246025
7140   -21.194967
7150   -12.129037
7160   -3.026986
7170   6.057846
7180   15.152509
7190   24.217065
7200   33.266445
7210   42.250841
7220   51.222979
7230   60.102961
7240   68.927092
7250   77.670314
7260   86.306268
7270   94.823076
7280   103.197876
7290   111.442373
7300   119.500501
7310   127.424437
7320   135.162604
7330   142.738045
7340   150.094381
7350   157.252138
7360   164.191132
7370   170.905872
7380   177.390957
7390   183.634864
7400   189.623326
7410   195.339650
7420   200.807941
7430   205.992391
7440   210.897243
7450   215.500425
7460   219.826926
7470   223.845125
7480   227.547430
7490   230.954026
7500   234.029846
7510   236.794265
7520   239.224693
7530   241.340623
7540   243.110232
7550   244.559382
7560   245.669440
7570   246.437469
7580   246.883038
7590   246.968115
7600   246.743728
7610   246.164371
7620   245.271267
7630   244.041253
7640   242.514738
7650   240.668526
7660   238.523554
7670   236.098781
7680   233.366324
7690   230.331959
7700   226.985167
7710   223.316530
7720   219.314606
7730   214.984687
7740   210.373714
7750   205.461693
7760   200.303892
7770   194.885692
7780   189.194803
7790   183.228110
7800   176.983833
7810   170.513991
7820   163.820334
7830   156.914636
7840   149.791736
7850   142.444146
7860   134.896345
7870   127.165837
7880   119.291339
7890   111.241410
7900   103.020097
7910   94.657347
7920   86.178213
7930   77.598134
7940   68.880477
7950   60.075675
7960   51.194109
7970   42.239677
7980   33.244167
7990   24.175011
8000   15.080827
8010   5.976272
8020   -3.136190
8030   -12.248878
8040   -21.363728
8050   -30.412532
8060   -39.433393
8070   -48.414312
8080   -57.312238
8090   -66.123763
8100   -74.846629
8110   -83.485993
8120   -91.989145
8130   -100.364944
8140   -108.623239
8150   -116.726187
8160   -124.655871
8170   -132.427951
8180   -140.015363
8190   -147.410189
8200   -154.594958
8210   -161.584626
8220   -168.344730
8230   -174.864007
8240   -181.161097
8250   -187.197159
8260   -192.982178
8270   -198.503104
8280   -203.749376
8290   -208.715500
8300   -213.400058
8310   -217.790886
8320   -221.877071
8330   -225.665766
8340   -229.151060
8350   -232.301151
8360   -235.151904
8370   -237.683203
8380   -239.867358
8390   -241.739938
8400   -243.282287
8410   -244.475683
8420   -245.352116
8430   -245.881436
8440   -246.074764
8450   -245.933251
8460   -245.451369
8470   -244.633081
8480   -243.480440
8490   -241.988094
8500   -240.161460
8510   -238.007229
8520   -235.516020
8530   -232.701396
8540   -229.557604
8550   -226.107437
8560   -222.346449
8570   -218.285257
8580   -213.928199
8590   -209.280897
8600   -204.341842
8610   -199.113889
8620   -193.621005
8630   -187.860834
8640   -181.838380
8650   -175.581209
8660   -169.075882
8670   -162.336346
8680   -155.368005
8690   -148.197979
8700   -140.822142
8710   -133.254610
8720   -125.497138
8730   -117.575138
8740   -109.490298
8750   -101.249133
8760   -92.880265
8770   -84.380285
8780   -75.754385
8790   -67.038060
8800   -58.223852
8810   -49.332070
8820   -40.372502
8830   -31.347519
8840   -22.301033
8850   -13.204814
8860   -4.096401
8870   5.012695
8880   14.121302
8890   23.199133
8900   32.255084
8910   41.254025
8920   50.189466
8930   59.058765
8940   67.836191
8950   76.514976
8960   85.087779
8970   93.556052
8980   101.885885
8990   110.091778
9000   118.138724
9010   126.024288
9020   133.739551
9030   141.251137
9040   148.595801
9050   155.731294
9060   162.642270
9070   169.339280
9080   175.801680
9090   182.020788
9100   187.993695
9110   193.711678
9120   199.156659
9130   204.335109
9140   209.225810
9150   213.838070
9160   218.160012
9170   222.165654
9180   225.883376
9190   229.288632
9200   232.376542
9210   235.140417
9220   237.594145
9230   239.714757
9240   241.510746
9250   242.966497
9260   244.102378
9270   244.897617
9280   245.353778
9290   245.478077
9300   245.271710
9310   244.724278
9320   243.844141
9330   242.644106
9340   241.106122
9350   239.258876
9360   237.085381
9370   234.598926
9380   231.806063
9390   228.689938
9400   225.257979
9410   221.520091
9420   217.460706
9430   213.101411
9440   208.451922
9450   203.524736
9460   198.319715
9470   192.851777
9480   187.108781
9490   181.107053
9500   174.856495
9510   168.360022
9520   161.649676
9530   154.717440
9540   147.562156
9550   140.204431
9560   132.658812
9570   124.926916
9580   117.037180
9590   108.975531
9600   100.762885
9610   92.414807
9620   83.945257
9630   75.352809
9640   66.669642
9650   57.874709
9660   49.015955
9670   40.089682
9680   31.104635
9690   22.072173
9700   13.018501
9710   3.942739
9720   -5.134012
9730   -14.208592
9740   -23.262583
9750   -32.275033
9760   -41.238350
9770   -50.159981
9780   -58.984845
9790   -67.731678
9800   -76.380180
9810   -84.920645
9820   -93.332933
9830   -101.624433
9840   -109.776871
9850   -117.789726
9860   -125.636915
9870   -133.323481
9880   -140.819254
9890   -148.124605
9900   -155.207415
9910   -162.090307
9920   -168.750879
9930   -175.182073
9940   -181.375556
9950   -187.323898
9960   -193.004773
9970   -198.420505
9980   -203.570293
9990   -208.435625
10000   -213.026793
