0.000000   0
1.000000   1
2.000000   2
3.000000   3
4.000000   4
5.000000   5
6.000000   6
7.000000   7
8.000000   8
9.000000   9
10.000000   10
11.000000   11
12.000000   12
13.000000   13
14.000000   14
15.000000   15
16.000000   16
17.000000   17
18.000000   18
19.000000   19
20.000000   20
21.000000   21
22.000000   22
23.000000   23
24.000000   24
25.000000   25
26.000000   26
27.000000   27
28.000000   28
29.000000   29
30.000000   30
31.000000   31
32.000000   32
33.000000   33
34.000000   34
35.000000   35
36.000000   36
37.000000   37
38.000000   38
39.000000   39
40.000000   40
41.000000   41
42.000000   42
43.000000   43
44.000000   44
45.000000   45
46.000000   46
47.000000   47
48.000000   48
49.000000   49
50.000000   50
51.000000   51
52.000000   52
53.000000   53
54.000000   54
55.000000   55
56.000000   56
57.000000   57
58.000000   58
59.000000   59
60.000000   60
61.000000   61
62.000000   62
63.000000   63
64.000000   64
65.000000   65
66.000000   66
67.000000   67
68.000000   68
69.000000   69
70.000000   70
71.000000   71
72.000000   72
73.000000   73
74.000000   74
75.000000   75
76.000000   76
77.000000   77
78.000000   78
79.000000   79
80.000000   80
81.000000   81
82.000000   82
83.000000   83
84.000000   84
85.000000   85
86.000000   86
87.000000   87
88.000000   88
89.000000   89
90.000000   90
91.000000   91
92.000000   92
93.000000   93
94.000000   94
95.000000   95
96.000000   96
97.000000   97
98.000000   98
99.000000   99
100.000000   100
101.000000   101
102.000000   102
103.000000   103
104.000000   104
105.000000   105
106.000000   106
107.000000   107
108.000000   108
109.000000   109
110.000000   110
111.000000   111
112.000000   112
113.000000   113
114.000000   114
115.000000   115
116.000000   116
117.000000   117
118.000000   118
119.000000   119
120.000000   120
121.000000   121
122.000000   122
123.000000   123
124.000000   124
125.000000   125
126.000000   126
127.000000   127
128.000000   128
129.000000   129
130.000000   130
131.000000   131
132.000000   132
133.000000   133
134.000000   134
135.000000   135
136.000000   136
137.000000   137
138.000000   138
139.000000   139
140.000000   140
141.000000   141
142.000000   142
143.000000   143
144.000000   144
145.000000   145
146.000000   146
147.000000   147
148.000000   148
149.000000   149
150.000000   150
151.000000   151
152.000000   152
153.000000   153
154.000000   154
155.000000   155
156.000000   156
157.000000   157
158.000000   158
159.000000   159
160.000000   160
161.000000   161
162.000000   162
163.000000   163
164.000000   164
165.000000   165
166.000000   166
167.000000   167
168.000000   168
169.000000   169
170.000000   170
171.000000   171
172.000000   172
173.000000   173
174.000000   174
175.000000   175
176.000000   176
177.000000   177
178.000000   178
179.000000   179
180.000000   180
181.000000   181
182.000000   182
183.000000   183
184.000000   184
185.000000   185
186.000000   186
187.000000   187
188.000000   188
189.000000   189
190.000000   190
191.000000   191
192.000000   192
193.000000   193
194.000000   194
195.000000   195
196.000000   196
197.000000   197
198.000000   198
199.000000   199
200.000000   200
201.000000   201
202.000000   202
203.000000   203
204.000000   204
205.000000   205
206.000000   206
207.000000   207
208.000000   208
209.000000   209
210.000000   210
211.000000   211
212.000000   212
213.000000   213
214.000000   214
215.000000   215
216.000000   216
217.000000   217
218.000000   218
219.000000   219
220.000000   220
221.000000   221
222.000000   222
223.000000   223
224.000000   224
225.000000   225
226.000000   226
227.000000   227
228.000000   228
229.000000   229
230.000000   230
231.000000   231
232.000000   232
233.000000   233
234.000000   234
235.000000   235
236.000000   236
237.000000   237
238.000000   238
239.000000   239
240.000000   240
241.000000   241
242.000000   242
243.000000   243
244.000000   244
245.000000   245
246.000000   246
247.000000   247
248.000000   248
249.000000   249
250.000000   250
251.000000   251
252.000000   252
253.000000   253
254.000000   254
255.000000   255
256.000000   256
257.000000   257
258.000000   258
259.000000   259
260.000000   260
261.000000   261
262.000000   262
263.000000   263
264.000000   264
265.000000   265
266.000000   266
267.000000   267
268.000000   268
269.000000   269
270.000000   270
271.000000   271
272.000000   272
273.000000   273
274.000000   274
275.000000   275
276.000000   276
277.000000   277
278.000000   278
279.000000   279
280.000000   280
281.000000   281
282.000000   282
283.000000   283
284.000000   284
285.000000   285
286.000000   286
287.000000   287
288.000000   288
289.000000   289
290.000000   290
291.000000   291
292.000000   292
293.000000   293
294.000000   294
295.000000   295
296.000000   296
297.000000   297
298.000000   298
299.000000   299
300.000000   300
301.000000   301
302.000000   302
303.000000   303
304.000000   304
305.000000   305
306.000000   306
307.000000   307
308.000000   308
309.000000   309
310.000000   310
311.000000   311
312.000000   312
313.000000   313
314.000000   314
315.000000   315
316.000000   316
317.000000   317
318.000000   318
319.000000   319
320.000000   320
321.000000   321
322.000000   322
323.000000   323
324.000000   324
325.000000   325
326.000000   326
327.000000   327
328.000000   328
329.000000   329
330.000000   330
331.000000   331
332.000000   332
333.000000   333
334.000000   334
335.000000   335
336.000000   336
337.000000   337
338.000000   338
339.000000   339
340.000000   340
341.000000   341
342.000000   342
343.000000   343
344.000000   344
345.000000   345
346.000000   346
347.000000   347
348.000000   348
349.000000   349
350.000000   350
351.000000   351
352.000000   352
353.000000   353
354.000000   354
355.000000   355
356.000000   356
357.000000   357
358.000000   358
359.000000   359
360.000000   360
361.000000   361
362.000000   362
363.000000   363
364.000000   364
365.000000   365
366.000000   366
367.000000   367
368.000000   368
369.000000   369
370.000000   370
371.000000   371
372.000000   372
373.000000   373
374.000000   374
375.000000   375
376.000000   376
377.000000   377
378.000000   378
379.000000   379
380.000000   380
381.000000   381
382.000000   382
383.000000   383
384.000000   384
385.000000   385
386.000000   386
387.000000   387
388.000000   388
389.000000   389
390.000000   390
391.000000   391
392.000000   392
393.000000   393
394.000000   394
395.000000   395
396.000000   396
397.000000   397
398.000000   398
399.000000   399
400.000000   400
401.000000   401
402.000000   402
403.000000   403
404.000000   404
405.000000   405
406.000000   406
407.000000   407
408.000000   408
409.000000   409
410.000000   410
411.000000   411
412.000000   412
413.000000   413
414.000000   414
415.000000   415
416.000000   416
417.000000   417
418.000000   418
419.000000   419
420.000000   420
421.000000   421
422.000000   422
423.000000   423
424.000000   424
425.000000   425
426.000000   426
427.000000   427
428.000000   428
429.000000   429
430.000000   430
431.000000   431
432.000000   432
433.000000   433
434.000000   434
435.000000   435
436.000000   436
437.000000   437
438.000000   438
439.000000   439
440.000000   440
441.000000   441
442.000000   442
443.000000   443
444.000000   444
445.000000   445
446.000000   446
447.000000   447
448.000000   448
449.000000   449
450.000000   450
451.000000   451
452.000000   452
453.000000   453
454.000000   454
455.000000   455
456.000000   456
457.000000   457
458.000000   458
459.000000   459
460.000000   460
461.000000   461
462.000000   462
463.000000   463
464.000000   464
465.000000   465
466.000000   466
467.000000   467
468.000000   468
469.000000   469
470.000000   470
471.000000   471
472.000000   472
473.000000   473
474.000000   474
475.000000   475
476.000000   476
477.000000   477
478.000000   478
479.000000   479
480.000000   480
481.000000   481
482.000000   482
483.000000   483
484.000000   484
485.000000   485
486.000000   486
487.000000   487
488.000000   488
489.000000   489
490.000000   490
491.000000   491
492.000000   492
493.000000   493
494.000000   494
495.000000   495
496.000000   496
497.000000   497
498.000000   498
499.000000   499
500.000000   500
501.000000   501
502.000000   502
503.000000   503
504.000000   504
505.000000   505
506.000000   506
507.000000   507
508.000000   508
509.000000   509
510.000000   510
511.000000   511
512.000000   512
513.000000   513
514.000000   514
515.000000   515
516.000000   516
517.000000   517
518.000000   518
519.000000   519
520.000000   520
521.000000   521
522.000000   522
523.000000   523
524.000000   524
525.000000   525
526.000000   526
527.000000   527
528.000000   528
529.000000   529
530.000000   530
531.000000   531
532.000000   532
533.000000   533
534.000000   534
535.000000   535
536.000000   536
537.000000   537
538.000000   538
539.000000   539
540.000000   540
541.000000   541
542.000000   542
543.000000   543
544.000000   544
545.000000   545
546.000000   546
547.000000   547
548.000000   548
549.000000   549
550.000000   550
551.000000   551
552.000000   552
553.000000   553
554.000000   554
555.000000   555
556.000000   556
557.000000   557
558.000000   558
559.000000   559
560.000000   560
561.000000   561
562.000000   562
563.000000   563
564.000000   564
565.000000   565
566.000000   566
567.000000   567
568.000000   568
569.000000   569
570.000000   570
571.000000   571
572.000000   572
573.000000   573
574.000000   574
575.000000   575
576.000000   576
577.000000   577
578.000000   578
579.000000   579
580.000000   580
581.000000   581
582.000000   582
583.000000   583
584.000000   584
585.000000   585
586.000000   586
587.000000   587
588.000000   588
589.000000   589
590.000000   590
591.000000   591
592.000000   592
593.000000   593
594.000000   594
595.000000   595
596.000000   596
597.000000   597
598.000000   598
599.000000   599
600.000000   600
601.000000   601
602.000000   602
603.000000   603
604.000000   604
605.000000   605
606.000000   606
607.000000   607
608.000000   608
609.000000   609
610.000000   610
611.000000   611
612.000000   612
613.000000   613
614.000000   614
615.000000   615
616.000000   616
617.000000   617
618.000000   618
619.000000   619
620.000000   620
621.000000   621
622.000000   622
623.000000   623
624.000000   624
625.000000   625
626.000000   626
627.000000   627
628.000000   628
629.000000   629
630.000000   630
631.000000   631
632.000000   632
633.000000   633
634.000000   634
635.000000   635
636.000000   636
637.000000   637
638.000000   638
639.000000   639
640.000000   640
641.000000   641
642.000000   642
643.000000   643
644.000000   644
645.000000   645
646.000000   646
647.000000   647
648.000000   648
649.000000   649
650.000000   650
651.000000   651
652.000000   652
653.000000   653
654.000000   654
655.000000   655
656.000000   656
657.000000   657
658.000000   658
659.000000   659
660.000000   660
661.000000   661
662.000000   662
663.000000   663
664.000000   664
665.000000   665
666.000000   666
667.000000   667
668.000000   668
669.000000   669
670.000000   670
671.000000   671
672.000000   672
673.000000   673
674.000000   674
675.000000   675
676.000000   676
677.000000   677
678.000000   678
679.000000   679
680.000000   680
681.000000   681
682.000000   682
683.000000   683
684.000000   684
685.000000   685
686.000000   686
687.000000   687
688.000000   688
689.000000   689
690.000000   690
691.000000   691
692.000000   692
693.000000   693
694.000000   694
695.000000   695
696.000000   696
697.000000   697
698.000000   698
699.000000   699
700.000000   700
701.000000   701
702.000000   702
703.000000   703
704.000000   704
705.000000   705
706.000000   706
707.000000   707
708.000000   708
709.000000   709
710.000000   710
711.000000   711
712.000000   712
713.000000   713
714.000000   714
715.000000   715
716.000000   716
717.000000   717
718.000000   718
719.000000   719
720.000000   720
721.000000   721
722.000000   722
723.000000   723
724.000000   724
725.000000   725
726.000000   726
727.000000   727
728.000000   728
729.000000   729
730.000000   730
731.000000   731
732.000000   732
733.000000   733
734.000000   734
735.000000   735
736.000000   736
737.000000   737
738.000000   738
739.000000   739
740.000000   740
741.000000   741
742.000000   742
743.000000   743
744.000000   744
745.000000   745
746.000000   746
747.000000   747
748.000000   748
749.000000   749
750.000000   750
751.000000   751
752.000000   752
753.000000   753
754.000000   754
755.000000   755
756.000000   756
757.000000   757
758.000000   758
759.000000   759
760.000000   760
761.000000   761
762.000000   762
763.000000   763
764.000000   764
765.000000   765
766.000000   766
767.000000   767
768.000000   768
769.000000   769
770.000000   770
771.000000   771
772.000000   772
773.000000   773
774.000000   774
775.000000   775
776.000000   776
777.000000   777
778.000000   778
779.000000   779
780.000000   780
781.000000   781
782.000000   782
783.000000   783
784.000000   784
785.000000   785
786.000000   786
787.000000   787
788.000000   788
789.000000   789
790.000000   790
791.000000   791
792.000000   792
793.000000   793
794.000000   794
795.000000   795
796.000000   796
797.000000   797
798.000000   798
799.000000   799
800.000000   800
801.000000   801
802.000000   802
803.000000   803
804.000000   804
805.000000   805
806.000000   806
807.000000   807
808.000000   808
809.000000   809
810.000000   810
811.000000   811
812.000000   812
813.000000   813
814.000000   814
815.000000   815
816.000000   816
817.000000   817
818.000000   818
819.000000   819
820.000000   820
821.000000   821
822.000000   822
823.000000   823
824.000000   824
825.000000   825
826.000000   826
827.000000   827
828.000000   828
829.000000   829
830.000000   830
831.000000   831
832.000000   832
833.000000   833
834.000000   834
835.000000   835
836.000000   836
837.000000   837
838.000000   838
839.000000   839
840.000000   840
841.000000   841
842.000000   842
843.000000   843
844.000000   844
845.000000   845
846.000000   846
847.000000   847
848.000000   848
849.000000   849
850.000000   850
851.000000   851
852.000000   852
853.000000   853
854.000000   854
855.000000   855
856.000000   856
857.000000   857
858.000000   858
859.000000   859
860.000000   860
861.000000   861
862.000000   862
863.000000   863
864.000000   864
865.000000   865
866.000000   866
867.000000   867
868.000000   868
869.000000   869
870.000000   870
871.000000   871
872.000000   872
873.000000   873
874.000000   874
875.000000   875
876.000000   876
877.000000   877
878.000000   878
879.000000   879
880.000000   880
881.000000   881
882.000000   882
883.000000   883
884.000000   884
885.000000   885
886.000000   886
887.000000   887
888.000000   888
889.000000   889
890.000000   890
891.000000   891
892.000000   892
893.000000   893
894.000000   894
895.000000   895
896.000000   896
897.000000   897
898.000000   898
899.000000   899
900.000000   900
901.000000   901
902.000000   902
903.000000   903
904.000000   904
905.000000   905
906.000000   906
907.000000   907
908.000000   908
909.000000   909
910.000000   910
911.000000   911
912.000000   912
913.000000   913
914.000000   914
915.000000   915
916.000000   916
917.000000   917
918.000000   918
919.000000   919
920.000000   920
921.000000   921
922.000000   922
923.000000   923
924.000000   924
925.000000   925
926.000000   926
927.000000   927
928.000000   928
929.000000   929
930.000000   930
931.000000   931
932.000000   932
933.000000   933
934.000000   934
935.000000   935
936.000000   936
937.000000   937
938.000000   938
939.000000   939
940.000000   940
941.000000   941
942.000000   942
943.000000   943
944.000000   944
945.000000   945
946.000000   946
947.000000   947
948.000000   948
949.000000   949
950.000000   950
951.000000   951
952.000000   952
953.000000   953
954.000000   954
955.000000   955
956.000000   956
957.000000   957
958.000000   958
959.000000   959
960.000000   960
961.000000   961
962.000000   962
963.000000   963
964.000000   964
965.000000   965
966.000000   966
967.000000   967
968.000000   968
969.000000   969
970.000000   970
971.000000   971
972.000000   972
973.000000   973
974.000000   974
975.000000   975
976.000000   976
977.000000   977
978.000000   978
979.000000   979
980.000000   980
981.000000   981
982.000000   982
983.000000   983
984.000000   984
985.000000   985
986.000000   986
987.000000   987
988.000000   988
989.000000   989
990.000000   990
991.000000   991
992.000000   992
993.000000   993
994.000000   994
995.000000   995
996.000000   996
997.000000   997
998.000000   998
999.000000   999
1000.000000   1000
1001.000000   1001
1002.000000   1002
1003.000000   1003
1004.000000   1004
1005.000000   1005
1006.000000   1006
1007.000000   1007
1008.000000   1008
1009.000000   1009
1010.000000   1010
1011.000000   1011
1012.000000   1012
1013.000000   1013
1014.000000   1014
1015.000000   1015
1016.000000   1016
1017.000000   1017
1018.000000   1018
1019.000000   1019
1020.000000   1020
1021.000000   1021
1022.000000   1022
1023.000000   1023
1024.000000   1024
1025.000000   1025
1026.000000   1026
1027.000000   1027
1028.000000   1028
1029.000000   1029
1030.000000   1030
1031.000000   1031
1032.000000   1032
1033.000000   1033
1034.000000   1034
1035.000000   1035
1036.000000   1036
1037.000000   1037
1038.000000   1038
1039.000000   1039
1040.000000   1040
1041.000000   1041
1042.000000   1042
1043.000000   1043
1044.000000   1044
1045.000000   1045
1046.000000   1046
1047.000000   1047
1048.000000   1048
1049.000000   1049
1050.000000   1050
1051.000000   1051
1052.000000   1052
1053.000000   1053
1054.000000   1054
1055.000000   1055
1056.000000   1056
1057.000000   1057
1058.000000   1058
1059.000000   1059
1060.000000   1060
1061.000000   1061
1062.000000   1062
1063.000000   1063
1064.000000   1064
1065.000000   1065
1066.000000   1066
1067.000000   1067
1068.000000   1068
1069.000000   1069
1070.000000   1070
1071.000000   1071
1072.000000   1072
1073.000000   1073
1074.000000   1074
1075.000000   1075
1076.000000   1076
1077.000000   1077
1078.000000   1078
1079.000000   1079
1080.000000   1080
1081.000000   1081
1082.000000   1082
1083.000000   1083
1084.000000   1084
1085.000000   1085
1086.000000   1086
1087.000000   1087
1088.000000   1088
1089.000000   1089
1090.000000   1090
1091.000000   1091
1092.000000   1092
1093.000000   1093
1094.000000   1094
1095.000000   1095
1096.000000   1096
1097.000000   1097
1098.000000   1098
1099.000000   1099
1100.000000   1100
1101.000000   1101
1102.000000   1102
1103.000000   1103
1104.000000   1104
1105.000000   1105
1106.000000   1106
1107.000000   1107
1108.000000   1108
1109.000000   1109
1110.000000   1110
1111.000000   1111
1112.000000   1112
1113.000000   1113
1114.000000   1114
1115.000000   1115
1116.000000   1116
1117.000000   1117
1118.000000   1118
1119.000000   1119
1120.000000   1120
1121.000000   1121
1122.000000   1122
1123.000000   1123
1124.000000   1124
1125.000000   1125
1126.000000   1126
1127.000000   1127
1128.000000   1128
1129.000000   1129
1130.000000   1130
1131.000000   1131
1132.000000   1132
1133.000000   1133
1134.000000   1134
1135.000000   1135
1136.000000   1136
1137.000000   1137
1138.000000   1138
1139.000000   1139
1140.000000   1140
1141.000000   1141
1142.000000   1142
1143.000000   1143
1144.000000   1144
1145.000000   1145
1146.000000   1146
1147.000000   1147
1148.000000   1148
1149.000000   1149
1150.000000   1150
1151.000000   1151
1152.000000   1152
1153.000000   1153
1154.000000   1154
1155.000000   1155
1156.000000   1156
1157.000000   1157
1158.000000   1158
1159.000000   1159
1160.000000   1160
1161.000000   1161
1162.000000   1162
1163.000000   1163
1164.000000   1164
1165.000000   1165
1166.000000   1166
1167.000000   1167
1168.000000   1168
1169.000000   1169
1170.000000   1170
1171.000000   1171
1172.000000   1172
1173.000000   1173
1174.000000   1174
1175.000000   1175
1176.000000   1176
1177.000000   1177
1178.000000   1178
1179.000000   1179
1180.000000   1180
1181.000000   1181
1182.000000   1182
1183.000000   1183
1184.000000   1184
1185.000000   1185
1186.000000   1186
1187.000000   1187
1188.000000   1188
1189.000000   1189
1190.000000   1190
1191.000000   1191
1192.000000   1192
1193.000000   1193
1194.000000   1194
1195.000000   1195
1196.000000   1196
1197.000000   1197
1198.000000   1198
1199.000000   1199
1200.000000   1200
1201.000000   1201
1202.000000   1202
1203.000000   1203
1204.000000   1204
1205.000000   1205
1206.000000   1206
1207.000000   1207
1208.000000   1208
1209.000000   1209
1210.000000   1210
1211.000000   1211
1212.000000   1212
1213.000000   1213
1214.000000   1214
1215.000000   1215
1216.000000   1216
1217.000000   1217
1218.000000   1218
1219.000000   1219
1220.000000   1220
1221.000000   1221
1222.000000   1222
1223.000000   1223
1224.000000   1224
1225.000000   1225
1226.000000   1226
1227.000000   1227
1228.000000   1228
1229.000000   1229
1230.000000   1230
1231.000000   1231
1232.000000   1232
1233.000000   1233
1234.000000   1234
1235.000000   1235
1236.000000   1236
1237.000000   1237
1238.000000   1238
1239.000000   1239
1240.000000   1240
1241.000000   1241
1242.000000   1242
1243.000000   1243
1244.000000   1244
1245.000000   1245
1246.000000   1246
1247.000000   1247
1248.000000   1248
1249.000000   1249
1250.000000   1250
1251.000000   1251
1252.000000   1252
1253.000000   1253
1254.000000   1254
1255.000000   1255
1256.000000   1256
1257.000000   1257
1258.000000   1258
1259.000000   1259
1260.000000   1260
1261.000000   1261
1262.000000   1262
1263.000000   1263
1264.000000   1264
1265.000000   1265
1266.000000   1266
1267.000000   1267
1268.000000   1268
1269.000000   1269
1270.000000   1270
1271.000000   1271
1272.000000   1272
1273.000000   1273
1274.000000   1274
1275.000000   1275
1276.000000   1276
1277.000000   1277
1278.000000   1278
1279.000000   1279
1280.000000   1280
1281.000000   1281
1282.000000   1282
1283.000000   1283
1284.000000   1284
1285.000000   1285
1286.000000   1286
1287.000000   1287
1288.000000   1288
1289.000000   1289
1290.000000   1290
1291.000000   1291
1292.000000   1292
1293.000000   1293
1294.000000   1294
1295.000000   1295
1296.000000   1296
1297.000000   1297
1298.000000   1298
1299.000000   1299
1300.000000   1300
1301.000000   1301
1302.000000   1302
1303.000000   1303
1304.000000   1304
1305.000000   1305
1306.000000   1306
1307.000000   1307
1308.000000   1308
1309.000000   1309
1310.000000   1310
1311.000000   1311
1312.000000   1312
1313.000000   1313
1314.000000   1314
1315.000000   1315
1316.000000   1316
1317.000000   1317
1318.000000   1318
1319.000000   1319
1320.000000   1320
1321.000000   1321
1322.000000   1322
1323.000000   1323
1324.000000   1324
1325.000000   1325
1326.000000   1326
1327.000000   1327
1328.000000   1328
1329.000000   1329
1330.000000   1330
1331.000000   1331
1332.000000   1332
1333.000000   1333
1334.000000   1334
1335.000000   1335
1336.000000   1336
1337.000000   1337
1338.000000   1338
1339.000000   1339
1340.000000   1340
1341.000000   1341
1342.000000   1342
1343.000000   1343
1344.000000   1344
1345.000000   1345
1346.000000   1346
1347.000000   1347
1348.000000   1348
1349.000000   1349
1350.000000   1350
1351.000000   1351
1352.000000   1352
1353.000000   1353
1354.000000   1354
1355.000000   1355
1356.000000   1356
1357.000000   1357
1358.000000   1358
1359.000000   1359
1360.000000   1360
1361.000000   1361
1362.000000   1362
1363.000000   1363
1364.000000   1364
1365.000000   1365
1366.000000   1366
1367.000000   1367
1368.000000   1368
1369.000000   1369
1370.000000   1370
1371.000000   1371
1372.000000   1372
1373.000000   1373
1374.000000   1374
1375.000000   1375
1376.000000   1376
1377.000000   1377
1378.000000   1378
1379.000000   1379
1380.000000   1380
1381.000000   1381
1382.000000   1382
1383.000000   1383
1384.000000   1384
1385.000000   1385
1386.000000   1386
1387.000000   1387
1388.000000   1388
1389.000000   1389
1390.000000   1390
1391.000000   1391
1392.000000   1392
1393.000000   1393
1394.000000   1394
1395.000000   1395
1396.000000   1396
1397.000000   1397
1398.000000   1398
1399.000000   1399
1400.000000   1400
1401.000000   1401
1402.000000   1402
1403.000000   1403
1404.000000   1404
1405.000000   1405
1406.000000   1406
1407.000000   1407
1408.000000   1408
1409.000000   1409
1410.000000   1410
1411.000000   1411
1412.000000   1412
1413.000000   1413
1414.000000   1414
1415.000000   1415
1416.000000   1416
1417.000000   1417
1418.000000   1418
1419.000000   1419
1420.000000   1420
1421.000000   1421
1422.000000   1422
1423.000000   1423
1424.000000   1424
1425.000000   1425
1426.000000   1426
1427.000000   1427
1428.000000   1428
1429.000000   1429
1430.000000   1430
1431.000000   1431
1432.000000   1432
1433.000000   1433
1434.000000   1434
1435.000000   1435
1436.000000   1436
1437.000000   1437
1438.000000   1438
1439.000000   1439
1440.000000   1440
1441.000000   1441
1442.000000   1442
1443.000000   1443
1444.000000   1444
1445.000000   1445
1446.000000   1446
1447.000000   1447
1448.000000   1448
1449.000000   1449
1450.000000   1450
1451.000000   1451
1452.000000   1452
1453.000000   1453
1454.000000   1454
1455.000000   1455
1456.000000   1456
1457.000000   1457
1458.000000   1458
1459.000000   1459
1460.000000   1460
1461.000000   1461
1462.000000   1462
1463.000000   1463
1464.000000   1464
1465.000000   1465
1466.000000   1466
1467.000000   1467
1468.000000   1468
1469.000000   1469
1470.000000   1470
1471.000000   1471
1472.000000   1472
1473.000000   1473
1474.000000   1474
1475.000000   1475
1476.000000   1476
1477.000000   1477
1478.000000   1478
1479.000000   1479
1480.000000   1480
1481.000000   1481
1482.000000   1482
1483.000000   1483
1484.000000   1484
1485.000000   1485
1486.000000   1486
1487.000000   1487
1488.000000   1488
1489.000000   1489
1490.000000   1490
1491.000000   1491
1492.000000   1492
1493.000000   1493
1494.000000   1494
1495.000000   1495
1496.000000   1496
1497.000000   1497
1498.000000   1498
1499.000000   1499
1500.000000   1500
1501.000000   1501
1502.000000   1502
1503.000000   1503
1504.000000   1504
1505.000000   1505
1506.000000   1506
1507.000000   1507
1508.000000   1508
1509.000000   1509
1510.000000   1510
1511.000000   1511
1512.000000   1512
1513.000000   1513
1514.000000   1514
1515.000000   1515
1516.000000   1516
1517.000000   1517
1518.000000   1518
1519.000000   1519
1520.000000   1520
1521.000000   1521
1522.000000   1522
1523.000000   1523
1524.000000   1524
1525.000000   1525
1526.000000   1526
1527.000000   1527
1528.000000   1528
1529.000000   1529
1530.000000   1530
1531.000000   1531
1532.000000   1532
1533.000000   1533
1534.000000   1534
1535.000000   1535
1536.000000   1536
1537.000000   1537
1538.000000   1538
1539.000000   1539
1540.000000   1540
1541.000000   1541
1542.000000   1542
1543.000000   1543
1544.000000   1544
1545.000000   1545
1546.000000   1546
1547.000000   1547
1548.000000   1548
1549.000000   1549
1550.000000   1550
1551.000000   1551
1552.000000   1552
1553.000000   1553
1554.000000   1554
1555.000000   1555
1556.000000   1556
1557.000000   1557
1558.000000   1558
1559.000000   1559
1560.000000   1560
1561.000000   1561
1562.000000   1562
1563.000000   1563
1564.000000   1564
1565.000000   1565
1566.000000   1566
1567.000000   1567
1568.000000   1568
1569.000000   1569
1570.000000   1570
1571.000000   1571
1572.000000   1572
1573.000000   1573
1574.000000   1574
1575.000000   1575
1576.000000   1576
1577.000000   1577
1578.000000   1578
1579.000000   1579
1580.000000   1580
1581.000000   1581
1582.000000   1582
1583.000000   1583
1584.000000   1584
1585.000000   1585
1586.000000   1586
1587.000000   1587
1588.000000   1588
1589.000000   1589
1590.000000   1590
1591.000000   1591
1592.000000   1592
1593.000000   1593
1594.000000   1594
1595.000000   1595
1596.000000   1596
1597.000000   1597
1598.000000   1598
1599.000000   1599
1600.000000   1600
1601.000000   1601
1602.000000   1602
1603.000000   1603
1604.000000   1604
1605.000000   1605
1606.000000   1606
1607.000000   1607
1608.000000   1608
1609.000000   1609
1610.000000   1610
1611.000000   1611
1612.000000   1612
1613.000000   1613
1614.000000   1614
1615.000000   1615
1616.000000   1616
1617.000000   1617
1618.000000   1618
1619.000000   1619
1620.000000   1620
1621.000000   1621
1622.000000   1622
1623.000000   1623
1624.000000   1624
1625.000000   1625
1626.000000   1626
1627.000000   1627
1628.000000   1628
1629.000000   1629
1630.000000   1630
1631.000000   1631
1632.000000   1632
1633.000000   1633
1634.000000   1634
1635.000000   1635
1636.000000   1636
1637.000000   1637
1638.000000   1638
1639.000000   1639
1640.000000   1640
1641.000000   1641
1642.000000   1642
1643.000000   1643
1644.000000   1644
1645.000000   1645
1646.000000   1646
1647.000000   1647
1648.000000   1648
1649.000000   1649
1650.000000   1650
1651.000000   1651
1652.000000   1652
1653.000000   1653
1654.000000   1654
1655.000000   1655
1656.000000   1656
1657.000000   1657
1658.000000   1658
1659.000000   1659
1660.000000   1660
1661.000000   1661
1662.000000   1662
1663.000000   1663
1664.000000   1664
1665.000000   1665
1666.000000   1666
1667.000000   1667
1668.000000   1668
1669.000000   1669
1670.000000   1670
1671.000000   1671
1672.000000   1672
1673.000000   1673
1674.000000   1674
1675.000000   1675
1676.000000   1676
1677.000000   1677
1678.000000   1678
1679.000000   1679
1680.000000   1680
1681.000000   1681
1682.000000   1682
1683.000000   1683
1684.000000   1684
1685.000000   1685
1686.000000   1686
1687.000000   1687
1688.000000   1688
1689.000000   1689
1690.000000   1690
1691.000000   1691
1692.000000   1692
1693.000000   1693
1694.000000   1694
1695.000000   1695
1696.000000   1696
1697.000000   1697
1698.000000   1698
1699.000000   1699
1700.000000   1700
1701.000000   1701
1702.000000   1702
1703.000000   1703
1704.000000   1704
1705.000000   1705
1706.000000   1706
1707.000000   1707
1708.000000   1708
1709.000000   1709
1710.000000   1710
1711.000000   1711
1712.000000   1712
1713.000000   1713
1714.000000   1714
1715.000000   1715
1716.000000   1716
1717.000000   1717
1718.000000   1718
1719.000000   1719
1720.000000   1720
1721.000000   1721
1722.000000   1722
1723.000000   1723
1724.000000   1724
1725.000000   1725
1726.000000   1726
1727.000000   1727
1728.000000   1728
1729.000000   1729
1730.000000   1730
1731.000000   1731
1732.000000   1732
1733.000000   1733
1734.000000   1734
1735.000000   1735
1736.000000   1736
1737.000000   1737
1738.000000   1738
1739.000000   1739
1740.000000   1740
1741.000000   1741
1742.000000   1742
1743.000000   1743
1744.000000   1744
1745.000000   1745
1746.000000   1746
1747.000000   1747
1748.000000   1748
1749.000000   1749
1750.000000   1750
1751.000000   1751
1752.000000   1752
1753.000000   1753
1754.000000   1754
1755.000000   1755
1756.000000   1756
1757.000000   1757
1758.000000   1758
1759.000000   1759
1760.000000   1760
1761.000000   1761
1762.000000   1762
1763.000000   1763
1764.000000   1764
1765.000000   1765
1766.000000   1766
1767.000000   1767
1768.000000   1768
1769.000000   1769
1770.000000   1770
1771.000000   1771
1772.000000   1772
1773.000000   1773
1774.000000   1774
1775.000000   1775
1776.000000   1776
1777.000000   1777
1778.000000   1778
1779.000000   1779
1780.000000   1780
1781.000000   1781
1782.000000   1782
1783.000000   1783
1784.000000   1784
1785.000000   1785
1786.000000   1786
1787.000000   1787
1788.000000   1788
1789.000000   1789
1790.000000   1790
1791.000000   1791
1792.000000   1792
1793.000000   1793
1794.000000   1794
1795.000000   1795
1796.000000   1796
1797.000000   1797
1798.000000   1798
1799.000000   1799
1800.000000   1800
1801.000000   1801
1802.000000   1802
1803.000000   1803
1804.000000   1804
1805.000000   1805
1806.000000   1806
1807.000000   1807
1808.000000   1808
1809.000000   1809
1810.000000   1810
1811.000000   1811
1812.000000   1812
1813.000000   1813
1814.000000   1814
1815.000000   1815
1816.000000   1816
1817.000000   1817
1818.000000   1818
1819.000000   1819
1820.000000   1820
1821.000000   1821
1822.000000   1822
1823.000000   1823
1824.000000   1824
1825.000000   1825
1826.000000   1826
1827.000000   1827
1828.000000   1828
1829.000000   1829
1830.000000   1830
1831.000000   1831
1832.000000   1832
1833.000000   1833
1834.000000   1834
1835.000000   1835
1836.000000   1836
1837.000000   1837
1838.000000   1838
1839.000000   1839
1840.000000   1840
1841.000000   1841
1842.000000   1842
1843.000000   1843
1844.000000   1844
1845.000000   1845
1846.000000   1846
1847.000000   1847
1848.000000   1848
1849.000000   1849
1850.000000   1850
1851.000000   1851
1852.000000   1852
1853.000000   1853
1854.000000   1854
1855.000000   1855
1856.000000   1856
1857.000000   1857
1858.000000   1858
1859.000000   1859
1860.000000   1860
1861.000000   1861
1862.000000   1862
1863.000000   1863
1864.000000   1864
1865.000000   1865
1866.000000   1866
1867.000000   1867
1868.000000   1868
1869.000000   1869
1870.000000   1870
1871.000000   1871
1872.000000   1872
1873.000000   1873
1874.000000   1874
1875.000000   1875
1876.000000   1876
1877.000000   1877
1878.000000   1878
1879.000000   1879
1880.000000   1880
1881.000000   1881
1882.000000   1882
1883.000000   1883
1884.000000   1884
1885.000000   1885
1886.000000   1886
1887.000000   1887
1888.000000   1888
1889.000000   1889
1890.000000   1890
1891.000000   1891
1892.000000   1892
1893.000000   1893
1894.000000   1894
1895.000000   1895
1896.000000   1896
1897.000000   1897
1898.000000   1898
1899.000000   1899
1900.000000   1900
1901.000000   1901
1902.000000   1902
1903.000000   1903
1904.000000   1904
1905.000000   1905
1906.000000   1906
1907.000000   1907
1908.000000   1908
1909.000000   1909
1910.000000   1910
1911.000000   1911
1912.000000   1912
1913.000000   1913
1914.000000   1914
1915.000000   1915
1916.000000   1916
1917.000000   1917
1918.000000   1918
1919.000000   1919
1920.000000   1920
1921.000000   1921
1922.000000   1922
1923.000000   1923
1924.000000   1924
1925.000000   1925
1926.000000   1926
1927.000000   1927
1928.000000   1928
1929.000000   1929
1930.000000   1930
1931.000000   1931
1932.000000   1932
1933.000000   1933
1934.000000   1934
1935.000000   1935
1936.000000   1936
1937.000000   1937
1938.000000   1938
1939.000000   1939
1940.000000   1940
1941.000000   1941
1942.000000   1942
1943.000000   1943
1944.000000   1944
1945.000000   1945
1946.000000   1946
1947.000000   1947
1948.000000   1948
1949.000000   1949
1950.000000   1950
1951.000000   1951
1952.000000   1952
1953.000000   1953
1954.000000   1954
1955.000000   1955
1956.000000   1956
1957.000000   1957
1958.000000   1958
1959.000000   1959
1960.000000   1960
1961.000000   1961
1962.000000   1962
1963.000000   1963
1964.000000   1964
1965.000000   1965
1966.000000   1966
1967.000000   1967
1968.000000   1968
1969.000000   1969
1970.000000   1970
1971.000000   1971
1972.000000   1972
1973.000000   1973
1974.000000   1974
1975.000000   1975
1976.000000   1976
1977.000000   1977
1978.000000   1978
1979.000000   1979
1980.000000   1980
1981.000000   1981
1982.000000   1982
1983.000000   1983
1984.000000   1984
1985.000000   1985
1986.000000   1986
1987.000000   1987
1988.000000   1988
1989.000000   1989
1990.000000   1990
1991.000000   1991
1992.000000   1992
1993.000000   1993
1994.000000   1994
1995.000000   1995
1996.000000   1996
1997.000000   1997
1998.000000   1998
1999.000000   1999
2000.000000   2000
2001.000000   2001
2002.000000   2002
2003.000000   2003
2004.000000   2004
2005.000000   2005
2006.000000   2006
2007.000000   2007
2008.000000   2008
2009.000000   2009
2010.000000   2010
2011.000000   2011
2012.000000   2012
2013.000000   2013
2014.000000   2014
2015.000000   2015
2016.000000   2016
2017.000000   2017
2018.000000   2018
2019.000000   2019
2020.000000   2020
2021.000000   2021
2022.000000   2022
2023.000000   2023
2024.000000   2024
2025.000000   2025
2026.000000   2026
2027.000000   2027
2028.000000   2028
2029.000000   2029
2030.000000   2030
2031.000000   2031
2032.000000   2032
2033.000000   2033
2034.000000   2034
2035.000000   2035
2036.000000   2036
2037.000000   2037
2038.000000   2038
2039.000000   2039
2040.000000   2040
2041.000000   2041
2042.000000   2042
2043.000000   2043
2044.000000   2044
2045.000000   2045
2046.000000   2046
2047.000000   2047
2048.000000   2048
2049.000000   2049
2050.000000   2050
2051.000000   2051
2052.000000   2052
2053.000000   2053
2054.000000   2054
2055.000000   2055
2056.000000   2056
2057.000000   2057
2058.000000   2058
2059.000000   2059
2060.000000   2060
2061.000000   2061
2062.000000   2062
2063.000000   2063
2064.000000   2064
2065.000000   2065
2066.000000   2066
2067.000000   2067
2068.000000   2068
2069.000000   2069
2070.000000   2070
2071.000000   2071
2072.000000   2072
2073.000000   2073
2074.000000   2074
2075.000000   2075
2076.000000   2076
2077.000000   2077
2078.000000   2078
2079.000000   2079
2080.000000   2080
2081.000000   2081
2082.000000   2082
2083.000000   2083
2084.000000   2084
2085.000000   2085
2086.000000   2086
2087.000000   2087
2088.000000   2088
2089.000000   2089
2090.000000   2090
2091.000000   2091
2092.000000   2092
2093.000000   2093
2094.000000   2094
2095.000000   2095
2096.000000   2096
2097.000000   2097
2098.000000   2098
2099.000000   2099
2100.000000   2100
2101.000000   2101
2102.000000   2102
2103.000000   2103
2104.000000   2104
2105.000000   2105
2106.000000   2106
2107.000000   2107
2108.000000   2108
2109.000000   2109
2110.000000   2110
2111.000000   2111
2112.000000   2112
2113.000000   2113
2114.000000   2114
2115.000000   2115
2116.000000   2116
2117.000000   2117
2118.000000   2118
2119.000000   2119
2120.000000   2120
2121.000000   2121
2122.000000   2122
2123.000000   2123
2124.000000   2124
2125.000000   2125
2126.000000   2126
2127.000000   2127
2128.000000   2128
2129.000000   2129
2130.000000   2130
2131.000000   2131
2132.000000   2132
2133.000000   2133
2134.000000   2134
2135.000000   2135
2136.000000   2136
2137.000000   2137
2138.000000   2138
2139.000000   2139
2140.000000   2140
2141.000000   2141
2142.000000   2142
2143.000000   2143
2144.000000   2144
2145.000000   2145
2146.000000   2146
2147.000000   2147
2148.000000   2148
2149.000000   2149
2150.000000   2150
2151.000000   2151
2152.000000   2152
2153.000000   2153
2154.000000   2154
2155.000000   2155
2156.000000   2156
2157.000000   2157
2158.000000   2158
2159.000000   2159
2160.000000   2160
2161.000000   2161
2162.000000   2162
2163.000000   2163
2164.000000   2164
2165.000000   2165
2166.000000   2166
2167.000000   2167
2168.000000   2168
2169.000000   2169
2170.000000   2170
2171.000000   2171
2172.000000   2172
2173.000000   2173
2174.000000   2174
2175.000000   2175
2176.000000   2176
2177.000000   2177
2178.000000   2178
2179.000000   2179
2180.000000   2180
2181.000000   2181
2182.000000   2182
2183.000000   2183
2184.000000   2184
2185.000000   2185
2186.000000   2186
2187.000000   2187
2188.000000   2188
2189.000000   2189
2190.000000   2190
2191.000000   2191
2192.000000   2192
2193.000000   2193
2194.000000   2194
2195.000000   2195
2196.000000   2196
2197.000000   2197
2198.000000   2198
2199.000000   2199
2200.000000   2200
2201.000000   2201
2202.000000   2202
2203.000000   2203
2204.000000   2204
2205.000000   2205
2206.000000   2206
2207.000000   2207
2208.000000   2208
2209.000000   2209
2210.000000   2210
2211.000000   2211
2212.000000   2212
2213.000000   2213
2214.000000   2214
2215.000000   2215
2216.000000   2216
2217.000000   2217
2218.000000   2218
2219.000000   2219
2220.000000   2220
2221.000000   2221
2222.000000   2222
2223.000000   2223
2224.000000   2224
2225.000000   2225
2226.000000   2226
2227.000000   2227
2228.000000   2228
2229.000000   2229
2230.000000   2230
2231.000000   2231
2232.000000   2232
2233.000000   2233
2234.000000   2234
2235.000000   2235
2236.000000   2236
2237.000000   2237
2238.000000   2238
2239.000000   2239
2240.000000   2240
2241.000000   2241
2242.000000   2242
2243.000000   2243
2244.000000   2244
2245.000000   2245
2246.000000   2246
2247.000000   2247
2248.000000   2248
2249.000000   2249
2250.000000   2250
2251.000000   2251
2252.000000   2252
2253.000000   2253
2254.000000   2254
2255.000000   2255
2256.000000   2256
2257.000000   2257
2258.000000   2258
2259.000000   2259
2260.000000   2260
2261.000000   2261
2262.000000   2262
2263.000000   2263
2264.000000   2264
2265.000000   2265
2266.000000   2266
2267.000000   2267
2268.000000   2268
2269.000000   2269
2270.000000   2270
2271.000000   2271
2272.000000   2272
2273.000000   2273
2274.000000   2274
2275.000000   2275
2276.000000   2276
2277.000000   2277
2278.000000   2278
2279.000000   2279
2280.000000   2280
2281.000000   2281
2282.000000   2282
2283.000000   2283
2284.000000   2284
2285.000000   2285
2286.000000   2286
2287.000000   2287
2288.000000   2288
2289.000000   2289
2290.000000   2290
2291.000000   2291
2292.000000   2292
2293.000000   2293
2294.000000   2294
2295.000000   2295
2296.000000   2296
2297.000000   2297
2298.000000   2298
2299.000000   2299
2300.000000   2300
2301.000000   2301
2302.000000   2302
2303.000000   2303
2304.000000   2304
2305.000000   2305
2306.000000   2306
2307.000000   2307
2308.000000   2308
2309.000000   2309
2310.000000   2310
2311.000000   2311
2312.000000   2312
2313.000000   2313
2314.000000   2314
2315.000000   2315
2316.000000   2316
2317.000000   2317
2318.000000   2318
2319.000000   2319
2320.000000   2320
2321.000000   2321
2322.000000   2322
2323.000000   2323
2324.000000   2324
2325.000000   2325
2326.000000   2326
2327.000000   2327
2328.000000   2328
2329.000000   2329
2330.000000   2330
2331.000000   2331
2332.000000   2332
2333.000000   2333
2334.000000   2334
2335.000000   2335
2336.000000   2336
2337.000000   2337
2338.000000   2338
2339.000000   2339
2340.000000   2340
2341.000000   2341
2342.000000   2342
2343.000000   2343
2344.000000   2344
2345.000000   2345
2346.000000   2346
2347.000000   2347
2348.000000   2348
2349.000000   2349
2350.000000   2350
2351.000000   2351
2352.000000   2352
2353.000000   2353
2354.000000   2354
2355.000000   2355
2356.000000   2356
2357.000000   2357
2358.000000   2358
2359.000000   2359
2360.000000   2360
2361.000000   2361
2362.000000   2362
2363.000000   2363
2364.000000   2364
2365.000000   2365
2366.000000   2366
2367.000000   2367
2368.000000   2368
2369.000000   2369
2370.000000   2370
2371.000000   2371
2372.000000   2372
2373.000000   2373
2374.000000   2374
2375.000000   2375
2376.000000   2376
2377.000000   2377
2378.000000   2378
2379.000000   2379
2380.000000   2380
2381.000000   2381
2382.000000   2382
2383.000000   2383
2384.000000   2384
2385.000000   2385
2386.000000   2386
2387.000000   2387
2388.000000   2388
2389.000000   2389
2390.000000   2390
2391.000000   2391
2392.000000   2392
2393.000000   2393
2394.000000   2394
2395.000000   2395
2396.000000   2396
2397.000000   2397
2398.000000   2398
2399.000000   2399
2400.000000   2400
2401.000000   2401
2402.000000   2402
2403.000000   2403
2404.000000   2404
2405.000000   2405
2406.000000   2406
2407.000000   2407
2408.000000   2408
2409.000000   2409
2410.000000   2410
2411.000000   2411
2412.000000   2412
2413.000000   2413
2414.000000   2414
2415.000000   2415
2416.000000   2416
2417.000000   2417
2418.000000   2418
2419.000000   2419
2420.000000   2420
2421.000000   2421
2422.000000   2422
2423.000000   2423
2424.000000   2424
2425.000000   2425
2426.000000   2426
2427.000000   2427
2428.000000   2428
2429.000000   2429
2430.000000   2430
2431.000000   2431
2432.000000   2432
2433.000000   2433
2434.000000   2434
2435.000000   2435
2436.000000   2436
2437.000000   2437
2438.000000   2438
2439.000000   2439
2440.000000   2440
2441.000000   2441
2442.000000   2442
2443.000000   2443
2444.000000   2444
2445.000000   2445
2446.000000   2446
2447.000000   2447
2448.000000   2448
2449.000000   2449
2450.000000   2450
2451.000000   2451
2452.000000   2452
2453.000000   2453
2454.000000   2454
2455.000000   2455
2456.000000   2456
2457.000000   2457
2458.000000   2458
2459.000000   2459
2460.000000   2460
2461.000000   2461
2462.000000   2462
2463.000000   2463
2464.000000   2464
2465.000000   2465
2466.000000   2466
2467.000000   2467
2468.000000   2468
2469.000000   2469
2470.000000   2470
2471.000000   2471
2472.000000   2472
2473.000000   2473
2474.000000   2474
2475.000000   2475
2476.000000   2476
2477.000000   2477
2478.000000   2478
2479.000000   2479
2480.000000   2480
2481.000000   2481
2482.000000   2482
2483.000000   2483
2484.000000   2484
2485.000000   2485
2486.000000   2486
2487.000000   2487
2488.000000   2488
2489.000000   2489
2490.000000   2490
2491.000000   2491
2492.000000   2492
2493.000000   2493
2494.000000   2494
2495.000000   2495
2496.000000   2496
2497.000000   2497
2498.000000   2498
2499.000000   2499
2500.000000   2500
2501.000000   2501
2502.000000   2502
2503.000000   2503
2504.000000   2504
2505.000000   2505
2506.000000   2506
2507.000000   2507
2508.000000   2508
2509.000000   2509
2510.000000   2510
2511.000000   2511
2512.000000   2512
2513.000000   2513
2514.000000   2514
2515.000000   2515
2516.000000   2516
2517.000000   2517
2518.000000   2518
2519.000000   2519
2520.000000   2520
2521.000000   2521
2522.000000   2522
2523.000000   2523
2524.000000   2524
2525.000000   2525
2526.000000   2526
2527.000000   2527
2528.000000   2528
2529.000000   2529
2530.000000   2530
2531.000000   2531
2532.000000   2532
2533.000000   2533
2534.000000   2534
2535.000000   2535
2536.000000   2536
2537.000000   2537
2538.000000   2538
2539.000000   2539
2540.000000   2540
2541.000000   2541
2542.000000   2542
2543.000000   2543
2544.000000   2544
2545.000000   2545
2546.000000   2546
2547.000000   2547
2548.000000   2548
2549.000000   2549
2550.000000   2550
2551.000000   2551
2552.000000   2552
2553.000000   2553
2554.000000   2554
2555.000000   2555
2556.000000   2556
2557.000000   2557
2558.000000   2558
2559.000000   2559
2560.000000   2560
2561.000000   2561
2562.000000   2562
2563.000000   2563
2564.000000   2564
2565.000000   2565
2566.000000   2566
2567.000000   2567
2568.000000   2568
2569.000000   2569
2570.000000   2570
2571.000000   2571
2572.000000   2572
2573.000000   2573
2574.000000   2574
2575.000000   2575
2576.000000   2576
2577.000000   2577
2578.000000   2578
2579.000000   2579
2580.000000   2580
2581.000000   2581
2582.000000   2582
2583.000000   2583
2584.000000   2584
2585.000000   2585
2586.000000   2586
2587.000000   2587
2588.000000   2588
2589.000000   2589
2590.000000   2590
2591.000000   2591
2592.000000   2592
2593.000000   2593
2594.000000   2594
2595.000000   2595
2596.000000   2596
2597.000000   2597
2598.000000   2598
2599.000000   2599
2600.000000   2600
2601.000000   2601
2602.000000   2602
2603.000000   2603
2604.000000   2604
2605.000000   2605
2606.000000   2606
2607.000000   2607
2608.000000   2608
2609.000000   2609
2610.000000   2610
2611.000000   2611
2612.000000   2612
2613.000000   2613
2614.000000   2614
2615.000000   2615
2616.000000   2616
2617.000000   2617
2618.000000   2618
2619.000000   2619
2620.000000   2620
2621.000000   2621
2622.000000   2622
2623.000000   2623
2624.000000   2624
2625.000000   2625
2626.000000   2626
2627.000000   2627
2628.000000   2628
2629.000000   2629
2630.000000   2630
2631.000000   2631
2632.000000   2632
2633.000000   2633
2634.000000   2634
2635.000000   2635
2636.000000   2636
2637.000000   2637
2638.000000   2638
2639.000000   2639
2640.000000   2640
2641.000000   2641
2642.000000   2642
2643.000000   2643
2644.000000   2644
2645.000000   2645
2646.000000   2646
2647.000000   2647
2648.000000   2648
2649.000000   2649
2650.000000   2650
2651.000000   2651
2652.000000   2652
2653.000000   2653
2654.000000   2654
2655.000000   2655
2656.000000   2656
2657.000000   2657
2658.000000   2658
2659.000000   2659
2660.000000   2660
2661.000000   2661
2662.000000   2662
2663.000000   2663
2664.000000   2664
2665.000000   2665
2666.000000   2666
2667.000000   2667
2668.000000   2668
2669.000000   2669
2670.000000   2670
2671.000000   2671
2672.000000   2672
2673.000000   2673
2674.000000   2674
2675.000000   2675
2676.000000   2676
2677.000000   2677
2678.000000   2678
2679.000000   2679
2680.000000   2680
2681.000000   2681
2682.000000   2682
2683.000000   2683
2684.000000   2684
2685.000000   2685
2686.000000   2686
2687.000000   2687
2688.000000   2688
2689.000000   2689
2690.000000   2690
2691.000000   2691
2692.000000   2692
2693.000000   2693
2694.000000   2694
2695.000000   2695
2696.000000   2696
2697.000000   2697
2698.000000   2698
2699.000000   2699
2700.000000   2700
2701.000000   2701
2702.000000   2702
2703.000000   2703
2704.000000   2704
2705.000000   2705
2706.000000   2706
2707.000000   2707
2708.000000   2708
2709.000000   2709
2710.000000   2710
2711.000000   2711
2712.000000   2712
2713.000000   2713
2714.000000   2714
2715.000000   2715
2716.000000   2716
2717.000000   2717
2718.000000   2718
2719.000000   2719
2720.000000   2720
2721.000000   2721
2722.000000   2722
2723.000000   2723
2724.000000   2724
2725.000000   2725
2726.000000   2726
2727.000000   2727
2728.000000   2728
2729.000000   2729
2730.000000   2730
2731.000000   2731
2732.000000   2732
2733.000000   2733
2734.000000   2734
2735.000000   2735
2736.000000   2736
2737.000000   2737
2738.000000   2738
2739.000000   2739
2740.000000   2740
2741.000000   2741
2742.000000   2742
2743.000000   2743
2744.000000   2744
2745.000000   2745
2746.000000   2746
2747.000000   2747
2748.000000   2748
2749.000000   2749
2750.000000   2750
2751.000000   2751
2752.000000   2752
2753.000000   2753
2754.000000   2754
2755.000000   2755
2756.000000   2756
2757.000000   2757
2758.000000   2758
2759.000000   2759
2760.000000   2760
2761.000000   2761
2762.000000   2762
2763.000000   2763
2764.000000   2764
2765.000000   2765
2766.000000   2766
2767.000000   2767
2768.000000   2768
2769.000000   2769
2770.000000   2770
2771.000000   2771
2772.000000   2772
2773.000000   2773
2774.000000   2774
2775.000000   2775
2776.000000   2776
2777.000000   2777
2778.000000   2778
2779.000000   2779
2780.000000   2780
2781.000000   2781
2782.000000   2782
2783.000000   2783
2784.000000   2784
2785.000000   2785
2786.000000   2786
2787.000000   2787
2788.000000   2788
2789.000000   2789
2790.000000   2790
2791.000000   2791
2792.000000   2792
2793.000000   2793
2794.000000   2794
2795.000000   2795
2796.000000   2796
2797.000000   2797
2798.000000   2798
2799.000000   2799
2800.000000   2800
2801.000000   2801
2802.000000   2802
2803.000000   2803
2804.000000   2804
2805.000000   2805
2806.000000   2806
2807.000000   2807
2808.000000   2808
2809.000000   2809
2810.000000   2810
2811.000000   2811
2812.000000   2812
2813.000000   2813
2814.000000   2814
2815.000000   2815
2816.000000   2816
2817.000000   2817
2818.000000   2818
2819.000000   2819
2820.000000   2820
2821.000000   2821
2822.000000   2822
2823.000000   2823
2824.000000   2824
2825.000000   2825
2826.000000   2826
2827.000000   2827
2828.000000   2828
2829.000000   2829
2830.000000   2830
2831.000000   2831
2832.000000   2832
2833.000000   2833
2834.000000   2834
2835.000000   2835
2836.000000   2836
2837.000000   2837
2838.000000   2838
2839.000000   2839
2840.000000   2840
2841.000000   2841
2842.000000   2842
2843.000000   2843
2844.000000   2844
2845.000000   2845
2846.000000   2846
2847.000000   2847
2848.000000   2848
2849.000000   2849
2850.000000   2850
2851.000000   2851
2852.000000   2852
2853.000000   2853
2854.000000   2854
2855.000000   2855
2856.000000   2856
2857.000000   2857
2858.000000   2858
2859.000000   2859
2860.000000   2860
2861.000000   2861
2862.000000   2862
2863.000000   2863
2864.000000   2864
2865.000000   2865
2866.000000   2866
2867.000000   2867
2868.000000   2868
2869.000000   2869
2870.000000   2870
2871.000000   2871
2872.000000   2872
2873.000000   2873
2874.000000   2874
2875.000000   2875
2876.000000   2876
2877.000000   2877
2878.000000   2878
2879.000000   2879
2880.000000   2880
2881.000000   2881
2882.000000   2882
2883.000000   2883
2884.000000   2884
2885.000000   2885
2886.000000   2886
2887.000000   2887
2888.000000   2888
2889.000000   2889
2890.000000   2890
2891.000000   2891
2892.000000   2892
2893.000000   2893
2894.000000   2894
2895.000000   2895
2896.000000   2896
2897.000000   2897
2898.000000   2898
2899.000000   2899
2900.000000   2900
2901.000000   2901
2902.000000   2902
2903.000000   2903
2904.000000   2904
2905.000000   2905
2906.000000   2906
2907.000000   2907
2908.000000   2908
2909.000000   2909
2910.000000   2910
2911.000000   2911
2912.000000   2912
2913.000000   2913
2914.000000   2914
2915.000000   2915
2916.000000   2916
2917.000000   2917
2918.000000   2918
2919.000000   2919
2920.000000   2920
2921.000000   2921
2922.000000   2922
2923.000000   2923
2924.000000   2924
2925.000000   2925
2926.000000   2926
2927.000000   2927
2928.000000   2928
2929.000000   2929
2930.000000   2930
2931.000000   2931
2932.000000   2932
2933.000000   2933
2934.000000   2934
2935.000000   2935
2936.000000   2936
2937.000000   2937
2938.000000   2938
2939.000000   2939
2940.000000   2940
2941.000000   2941
2942.000000   2942
2943.000000   2943
2944.000000   2944
2945.000000   2945
2946.000000   2946
2947.000000   2947
2948.000000   2948
2949.000000   2949
2950.000000   2950
2951.000000   2951
2952.000000   2952
2953.000000   2953
2954.000000   2954
2955.000000   2955
2956.000000   2956
2957.000000   2957
2958.000000   2958
2959.000000   2959
2960.000000   2960
2961.000000   2961
2962.000000   2962
2963.000000   2963
2964.000000   2964
2965.000000   2965
2966.000000   2966
2967.000000   2967
2968.000000   2968
2969.000000   2969
2970.000000   2970
2971.000000   2971
2972.000000   2972
2973.000000   2973
2974.000000   2974
2975.000000   2975
2976.000000   2976
2977.000000   2977
2978.000000   2978
2979.000000   2979
2980.000000   2980
2981.000000   2981
2982.000000   2982
2983.000000   2983
2984.000000   2984
2985.000000   2985
2986.000000   2986
2987.000000   2987
2988.000000   2988
2989.000000   2989
2990.000000   2990
2991.000000   2991
2992.000000   2992
2993.000000   2993
2994.000000   2994
2995.000000   2995
2996.000000   2996
2997.000000   2997
2998.000000   2998
2999.000000   2999
3000.000000   3000
3001.000000   3001
3002.000000   3002
3003.000000   3003
3004.000000   3004
3005.000000   3005
3006.000000   3006
3007.000000   3007
3008.000000   3008
3009.000000   3009
3010.000000   3010
3011.000000   3011
3012.000000   3012
3013.000000   3013
3014.000000   3014
3015.000000   3015
3016.000000   3016
3017.000000   3017
3018.000000   3018
3019.000000   3019
3020.000000   3020
3021.000000   3021
3022.000000   3022
3023.000000   3023
3024.000000   3024
3025.000000   3025
3026.000000   3026
3027.000000   3027
3028.000000   3028
3029.000000   3029
3030.000000   3030
3031.000000   3031
3032.000000   3032
3033.000000   3033
3034.000000   3034
3035.000000   3035
3036.000000   3036
3037.000000   3037
3038.000000   3038
3039.000000   3039
3040.000000   3040
3041.000000   3041
3042.000000   3042
3043.000000   3043
3044.000000   3044
3045.000000   3045
3046.000000   3046
3047.000000   3047
3048.000000   3048
3049.000000   3049
3050.000000   3050
3051.000000   3051
3052.000000   3052
3053.000000   3053
3054.000000   3054
3055.000000   3055
3056.000000   3056
3057.000000   3057
3058.000000   3058
3059.000000   3059
3060.000000   3060
3061.000000   3061
3062.000000   3062
3063.000000   3063
3064.000000   3064
3065.000000   3065
3066.000000   3066
3067.000000   3067
3068.000000   3068
3069.000000   3069
3070.000000   3070
3071.000000   3071
3072.000000   3072
3073.000000   3073
3074.000000   3074
3075.000000   3075
3076.000000   3076
3077.000000   3077
3078.000000   3078
3079.000000   3079
3080.000000   3080
3081.000000   3081
3082.000000   3082
3083.000000   3083
3084.000000   3084
3085.000000   3085
3086.000000   3086
3087.000000   3087
3088.000000   3088
3089.000000   3089
3090.000000   3090
3091.000000   3091
3092.000000   3092
3093.000000   3093
3094.000000   3094
3095.000000   3095
3096.000000   3096
3097.000000   3097
3098.000000   3098
3099.000000   3099
3100.000000   3100
3101.000000   3101
3102.000000   3102
3103.000000   3103
3104.000000   3104
3105.000000   3105
3106.000000   3106
3107.000000   3107
3108.000000   3108
3109.000000   3109
3110.000000   3110
3111.000000   3111
3112.000000   3112
3113.000000   3113
3114.000000   3114
3115.000000   3115
3116.000000   3116
3117.000000   3117
3118.000000   3118
3119.000000   3119
3120.000000   3120
3121.000000   3121
3122.000000   3122
3123.000000   3123
3124.000000   3124
3125.000000   3125
3126.000000   3126
3127.000000   3127
3128.000000   3128
3129.000000   3129
3130.000000   3130
3131.000000   3131
3132.000000   3132
3133.000000   3133
3134.000000   3134
3135.000000   3135
3136.000000   3136
3137.000000   3137
3138.000000   3138
3139.000000   3139
3140.000000   3140
3141.000000   3141
3142.000000   3142
3143.000000   3143
3144.000000   3144
3145.000000   3145
3146.000000   3146
3147.000000   3147
3148.000000   3148
3149.000000   3149
3150.000000   3150
3151.000000   3151
3152.000000   3152
3153.000000   3153
3154.000000   3154
3155.000000   3155
3156.000000   3156
3157.000000   3157
3158.000000   3158
3159.000000   3159
3160.000000   3160
3161.000000   3161
3162.000000   3162
3163.000000   3163
3164.000000   3164
3165.000000   3165
3166.000000   3166
3167.000000   3167
3168.000000   3168
3169.000000   3169
3170.000000   3170
3171.000000   3171
3172.000000   3172
3173.000000   3173
3174.000000   3174
3175.000000   3175
3176.000000   3176
3177.000000   3177
3178.000000   3178
3179.000000   3179
3180.000000   3180
3181.000000   3181
3182.000000   3182
3183.000000   3183
3184.000000   3184
3185.000000   3185
3186.000000   3186
3187.000000   3187
3188.000000   3188
3189.000000   3189
3190.000000   3190
3191.000000   3191
3192.000000   3192
3193.000000   3193
3194.000000   3194
3195.000000   3195
3196.000000   3196
3197.000000   3197
3198.000000   3198
3199.000000   3199
3200.000000   3200
3201.000000   3201
3202.000000   3202
3203.000000   3203
3204.000000   3204
3205.000000   3205
3206.000000   3206
3207.000000   3207
3208.000000   3208
3209.000000   3209
3210.000000   3210
3211.000000   3211
3212.000000   3212
3213.000000   3213
3214.000000   3214
3215.000000   3215
3216.000000   3216
3217.000000   3217
3218.000000   3218
3219.000000   3219
3220.000000   3220
3221.000000   3221
3222.000000   3222
3223.000000   3223
3224.000000   3224
3225.000000   3225
3226.000000   3226
3227.000000   3227
3228.000000   3228
3229.000000   3229
3230.000000   3230
3231.000000   3231
3232.000000   3232
3233.000000   3233
3234.000000   3234
3235.000000   3235
3236.000000   3236
3237.000000   3237
3238.000000   3238
3239.000000   3239
3240.000000   3240
3241.000000   3241
3242.000000   3242
3243.000000   3243
3244.000000   3244
3245.000000   3245
3246.000000   3246
3247.000000   3247
3248.000000   3248
3249.000000   3249
3250.000000   3250
3251.000000   3251
3252.000000   3252
3253.000000   3253
3254.000000   3254
3255.000000   3255
3256.000000   3256
3257.000000   3257
3258.000000   3258
3259.000000   3259
3260.000000   3260
3261.000000   3261
3262.000000   3262
3263.000000   3263
3264.000000   3264
3265.000000   3265
3266.000000   3266
3267.000000   3267
3268.000000   3268
3269.000000   3269
3270.000000   3270
3271.000000   3271
3272.000000   3272
3273.000000   3273
3274.000000   3274
3275.000000   3275
3276.000000   3276
3277.000000   3277
3278.000000   3278
3279.000000   3279
3280.000000   3280
3281.000000   3281
3282.000000   3282
3283.000000   3283
3284.000000   3284
3285.000000   3285
3286.000000   3286
3287.000000   3287
3288.000000   3288
3289.000000   3289
3290.000000   3290
3291.000000   3291
3292.000000   3292
3293.000000   3293
3294.000000   3294
3295.000000   3295
3296.000000   3296
3297.000000   3297
3298.000000   3298
3299.000000   3299
3300.000000   3300
3301.000000   3301
3302.000000   3302
3303.000000   3303
3304.000000   3304
3305.000000   3305
3306.000000   3306
3307.000000   3307
3308.000000   3308
3309.000000   3309
3310.000000   3310
3311.000000   3311
3312.000000   3312
3313.000000   3313
3314.000000   3314
3315.000000   3315
3316.000000   3316
3317.000000   3317
3318.000000   3318
3319.000000   3319
3320.000000   3320
3321.000000   3321
3322.000000   3322
3323.000000   3323
3324.000000   3324
3325.000000   3325
3326.000000   3326
3327.000000   3327
3328.000000   3328
3329.000000   3329
3330.000000   3330
3331.000000   3331
3332.000000   3332
3333.000000   3333
3334.000000   3334
3335.000000   3335
3336.000000   3336
3337.000000   3337
3338.000000   3338
3339.000000   3339
3340.000000   3340
3341.000000   3341
3342.000000   3342
3343.000000   3343
3344.000000   3344
3345.000000   3345
3346.000000   3346
3347.000000   3347
3348.000000   3348
3349.000000   3349
3350.000000   3350
3351.000000   3351
3352.000000   3352
3353.000000   3353
3354.000000   3354
3355.000000   3355
3356.000000   3356
3357.000000   3357
3358.000000   3358
3359.000000   3359
3360.000000   3360
3361.000000   3361
3362.000000   3362
3363.000000   3363
3364.000000   3364
3365.000000   3365
3366.000000   3366
3367.000000   3367
3368.000000   3368
3369.000000   3369
3370.000000   3370
3371.000000   3371
3372.000000   3372
3373.000000   3373
3374.000000   3374
3375.000000   3375
3376.000000   3376
3377.000000   3377
3378.000000   3378
3379.000000   3379
3380.000000   3380
3381.000000   3381
3382.000000   3382
3383.000000   3383
3384.000000   3384
3385.000000   3385
3386.000000   3386
3387.000000   3387
3388.000000   3388
3389.000000   3389
3390.000000   3390
3391.000000   3391
3392.000000   3392
3393.000000   3393
3394.000000   3394
3395.000000   3395
3396.000000   3396
3397.000000   3397
3398.000000   3398
3399.000000   3399
3400.000000   3400
3401.000000   3401
3402.000000   3402
3403.000000   3403
3404.000000   3404
3405.000000   3405
3406.000000   3406
3407.000000   3407
3408.000000   3408
3409.000000   3409
3410.000000   3410
3411.000000   3411
3412.000000   3412
3413.000000   3413
3414.000000   3414
3415.000000   3415
3416.000000   3416
3417.000000   3417
3418.000000   3418
3419.000000   3419
3420.000000   3420
3421.000000   3421
3422.000000   3422
3423.000000   3423
3424.000000   3424
3425.000000   3425
3426.000000   3426
3427.000000   3427
3428.000000   3428
3429.000000   3429
3430.000000   3430
3431.000000   3431
3432.000000   3432
3433.000000   3433
3434.000000   3434
3435.000000   3435
3436.000000   3436
3437.000000   3437
3438.000000   3438
3439.000000   3439
3440.000000   3440
3441.000000   3441
3442.000000   3442
3443.000000   3443
3444.000000   3444
3445.000000   3445
3446.000000   3446
3447.000000   3447
3448.000000   3448
3449.000000   3449
3450.000000   3450
3451.000000   3451
3452.000000   3452
3453.000000   3453
3454.000000   3454
3455.000000   3455
3456.000000   3456
3457.000000   3457
3458.000000   3458
3459.000000   3459
3460.000000   3460
3461.000000   3461
3462.000000   3462
3463.000000   3463
3464.000000   3464
3465.000000   3465
3466.000000   3466
3467.000000   3467
3468.000000   3468
3469.000000   3469
3470.000000   3470
3471.000000   3471
3472.000000   3472
3473.000000   3473
3474.000000   3474
3475.000000   3475
3476.000000   3476
3477.000000   3477
3478.000000   3478
3479.000000   3479
3480.000000   3480
3481.000000   3481
3482.000000   3482
3483.000000   3483
3484.000000   3484
3485.000000   3485
3486.000000   3486
3487.000000   3487
3488.000000   3488
3489.000000   3489
3490.000000   3490
3491.000000   3491
3492.000000   3492
3493.000000   3493
3494.000000   3494
3495.000000   3495
3496.000000   3496
3497.000000   3497
3498.000000   3498
3499.000000   3499
3500.000000   3500
3501.000000   3501
3502.000000   3502
3503.000000   3503
3504.000000   3504
3505.000000   3505
3506.000000   3506
3507.000000   3507
3508.000000   3508
3509.000000   3509
3510.000000   3510
3511.000000   3511
3512.000000   3512
3513.000000   3513
3514.000000   3514
3515.000000   3515
3516.000000   3516
3517.000000   3517
3518.000000   3518
3519.000000   3519
3520.000000   3520
3521.000000   3521
3522.000000   3522
3523.000000   3523
3524.000000   3524
3525.000000   3525
3526.000000   3526
3527.000000   3527
3528.000000   3528
3529.000000   3529
3530.000000   3530
3531.000000   3531
3532.000000   3532
3533.000000   3533
3534.000000   3534
3535.000000   3535
3536.000000   3536
3537.000000   3537
3538.000000   3538
3539.000000   3539
3540.000000   3540
3541.000000   3541
3542.000000   3542
3543.000000   3543
3544.000000   3544
3545.000000   3545
3546.000000   3546
3547.000000   3547
3548.000000   3548
3549.000000   3549
3550.000000   3550
3551.000000   3551
3552.000000   3552
3553.000000   3553
3554.000000   3554
3555.000000   3555
3556.000000   3556
3557.000000   3557
3558.000000   3558
3559.000000   3559
3560.000000   3560
3561.000000   3561
3562.000000   3562
3563.000000   3563
3564.000000   3564
3565.000000   3565
3566.000000   3566
3567.000000   3567
3568.000000   3568
3569.000000   3569
3570.000000   3570
3571.000000   3571
3572.000000   3572
3573.000000   3573
3574.000000   3574
3575.000000   3575
3576.000000   3576
3577.000000   3577
3578.000000   3578
3579.000000   3579
3580.000000   3580
3581.000000   3581
3582.000000   3582
3583.000000   3583
3584.000000   3584
3585.000000   3585
3586.000000   3586
3587.000000   3587
3588.000000   3588
3589.000000   3589
3590.000000   3590
3591.000000   3591
3592.000000   3592
3593.000000   3593
3594.000000   3594
3595.000000   3595
3596.000000   3596
3597.000000   3597
3598.000000   3598
3599.000000   3599
3600.000000   3600
3601.000000   3601
3602.000000   3602
3603.000000   3603
3604.000000   3604
3605.000000   3605
3606.000000   3606
3607.000000   3607
3608.000000   3608
3609.000000   3609
3610.000000   3610
3611.000000   3611
3612.000000   3612
3613.000000   3613
3614.000000   3614
3615.000000   3615
3616.000000   3616
3617.000000   3617
3618.000000   3618
3619.000000   3619
3620.000000   3620
3621.000000   3621
3622.000000   3622
3623.000000   3623
3624.000000   3624
3625.000000   3625
3626.000000   3626
3627.000000   3627
3628.000000   3628
3629.000000   3629
3630.000000   3630
3631.000000   3631
3632.000000   3632
3633.000000   3633
3634.000000   3634
3635.000000   3635
3636.000000   3636
3637.000000   3637
3638.000000   3638
3639.000000   3639
3640.000000   3640
3641.000000   3641
3642.000000   3642
3643.000000   3643
3644.000000   3644
3645.000000   3645
3646.000000   3646
3647.000000   3647
3648.000000   3648
3649.000000   3649
3650.000000   3650
3651.000000   3651
3652.000000   3652
3653.000000   3653
3654.000000   3654
3655.000000   3655
3656.000000   3656
3657.000000   3657
3658.000000   3658
3659.000000   3659
3660.000000   3660
3661.000000   3661
3662.000000   3662
3663.000000   3663
3664.000000   3664
3665.000000   3665
3666.000000   3666
3667.000000   3667
3668.000000   3668
3669.000000   3669
3670.000000   3670
3671.000000   3671
3672.000000   3672
3673.000000   3673
3674.000000   3674
3675.000000   3675
3676.000000   3676
3677.000000   3677
3678.000000   3678
3679.000000   3679
3680.000000   3680
3681.000000   3681
3682.000000   3682
3683.000000   3683
3684.000000   3684
3685.000000   3685
3686.000000   3686
3687.000000   3687
3688.000000   3688
3689.000000   3689
3690.000000   3690
3691.000000   3691
3692.000000   3692
3693.000000   3693
3694.000000   3694
3695.000000   3695
3696.000000   3696
3697.000000   3697
3698.000000   3698
3699.000000   3699
3700.000000   3700
3701.000000   3701
3702.000000   3702
3703.000000   3703
3704.000000   3704
3705.000000   3705
3706.000000   3706
3707.000000   3707
3708.000000   3708
3709.000000   3709
3710.000000   3710
3711.000000   3711
3712.000000   3712
3713.000000   3713
3714.000000   3714
3715.000000   3715
3716.000000   3716
3717.000000   3717
3718.000000   3718
3719.000000   3719
3720.000000   3720
3721.000000   3721
3722.000000   3722
3723.000000   3723
3724.000000   3724
3725.000000   3725
3726.000000   3726
3727.000000   3727
3728.000000   3728
3729.000000   3729
3730.000000   3730
3731.000000   3731
3732.000000   3732
3733.000000   3733
3734.000000   3734
3735.000000   3735
3736.000000   3736
3737.000000   3737
3738.000000   3738
3739.000000   3739
3740.000000   3740
3741.000000   3741
3742.000000   3742
3743.000000   3743
3744.000000   3744
3745.000000   3745
3746.000000   3746
3747.000000   3747
3748.000000   3748
3749.000000   3749
3750.000000   3750
3751.000000   3751
3752.000000   3752
3753.000000   3753
3754.000000   3754
3755.000000   3755
3756.000000   3756
3757.000000   3757
3758.000000   3758
3759.000000   3759
3760.000000   3760
3761.000000   3761
3762.000000   3762
3763.000000   3763
3764.000000   3764
3765.000000   3765
3766.000000   3766
3767.000000   3767
3768.000000   3768
3769.000000   3769
3770.000000   3770
3771.000000   3771
3772.000000   3772
3773.000000   3773
3774.000000   3774
3775.000000   3775
3776.000000   3776
3777.000000   3777
3778.000000   3778
3779.000000   3779
3780.000000   3780
3781.000000   3781
3782.000000   3782
3783.000000   3783
3784.000000   3784
3785.000000   3785
3786.000000   3786
3787.000000   3787
3788.000000   3788
3789.000000   3789
3790.000000   3790
3791.000000   3791
3792.000000   3792
3793.000000   3793
3794.000000   3794
3795.000000   3795
3796.000000   3796
3797.000000   3797
3798.000000   3798
3799.000000   3799
3800.000000   3800
3801.000000   3801
3802.000000   3802
3803.000000   3803
3804.000000   3804
3805.000000   3805
3806.000000   3806
3807.000000   3807
3808.000000   3808
3809.000000   3809
3810.000000   3810
3811.000000   3811
3812.000000   3812
3813.000000   3813
3814.000000   3814
3815.000000   3815
3816.000000   3816
3817.000000   3817
3818.000000   3818
3819.000000   3819
3820.000000   3820
3821.000000   3821
3822.000000   3822
3823.000000   3823
3824.000000   3824
3825.000000   3825
3826.000000   3826
3827.000000   3827
3828.000000   3828
3829.000000   3829
3830.000000   3830
3831.000000   3831
3832.000000   3832
3833.000000   3833
3834.000000   3834
3835.000000   3835
3836.000000   3836
3837.000000   3837
3838.000000   3838
3839.000000   3839
3840.000000   3840
3841.000000   3841
3842.000000   3842
3843.000000   3843
3844.000000   3844
3845.000000   3845
3846.000000   3846
3847.000000   3847
3848.000000   3848
3849.000000   3849
3850.000000   3850
3851.000000   3851
3852.000000   3852
3853.000000   3853
3854.000000   3854
3855.000000   3855
3856.000000   3856
3857.000000   3857
3858.000000   3858
3859.000000   3859
3860.000000   3860
3861.000000   3861
3862.000000   3862
3863.000000   3863
3864.000000   3864
3865.000000   3865
3866.000000   3866
3867.000000   3867
3868.000000   3868
3869.000000   3869
3870.000000   3870
3871.000000   3871
3872.000000   3872
3873.000000   3873
3874.000000   3874
3875.000000   3875
3876.000000   3876
3877.000000   3877
3878.000000   3878
3879.000000   3879
3880.000000   3880
3881.000000   3881
3882.000000   3882
3883.000000   3883
3884.000000   3884
3885.000000   3885
3886.000000   3886
3887.000000   3887
3888.000000   3888
3889.000000   3889
3890.000000   3890
3891.000000   3891
3892.000000   3892
3893.000000   3893
3894.000000   3894
3895.000000   3895
3896.000000   3896
3897.000000   3897
3898.000000   3898
3899.000000   3899
3900.000000   3900
3901.000000   3901
3902.000000   3902
3903.000000   3903
3904.000000   3904
3905.000000   3905
3906.000000   3906
3907.000000   3907
3908.000000   3908
3909.000000   3909
3910.000000   3910
3911.000000   3911
3912.000000   3912
3913.000000   3913
3914.000000   3914
3915.000000   3915
3916.000000   3916
3917.000000   3917
3918.000000   3918
3919.000000   3919
3920.000000   3920
3921.000000   3921
3922.000000   3922
3923.000000   3923
3924.000000   3924
3925.000000   3925
3926.000000   3926
3927.000000   3927
3928.000000   3928
3929.000000   3929
3930.000000   3930
3931.000000   3931
3932.000000   3932
3933.000000   3933
3934.000000   3934
3935.000000   3935
3936.000000   3936
3937.000000   3937
3938.000000   3938
3939.000000   3939
3940.000000   3940
3941.000000   3941
3942.000000   3942
3943.000000   3943
3944.000000   3944
3945.000000   3945
3946.000000   3946
3947.000000   3947
3948.000000   3948
3949.000000   3949
3950.000000   3950
3951.000000   3951
3952.000000   3952
3953.000000   3953
3954.000000   3954
3955.000000   3955
3956.000000   3956
3957.000000   3957
3958.000000   3958
3959.000000   3959
3960.000000   3960
3961.000000   3961
3962.000000   3962
3963.000000   3963
3964.000000   3964
3965.000000   3965
3966.000000   3966
3967.000000   3967
3968.000000   3968
3969.000000   3969
3970.000000   3970
3971.000000   3971
3972.000000   3972
3973.000000   3973
3974.000000   3974
3975.000000   3975
3976.000000   3976
3977.000000   3977
3978.000000   3978
3979.000000   3979
3980.000000   3980
3981.000000   3981
3982.000000   3982
3983.000000   3983
3984.000000   3984
3985.000000   3985
3986.000000   3986
3987.000000   3987
3988.000000   3988
3989.000000   3989
3990.000000   3990
3991.000000   3991
3992.000000   3992
3993.000000   3993
3994.000000   3994
3995.000000   3995
3996.000000   3996
3997.000000   3997
3998.000000   3998
3999.000000   3999
4000.000000   4000
