4.39622641509434 5.6415094339622645 
4.39622641509434 5.30188679245283 

4.532075471698113 5.403773584905661 
4.532075471698113 4.011320754716981 

4.667924528301887 5.1660377358490575 
4.667924528301887 2.720754716981132 

4.80377358490566 4.928301886792453 
4.80377358490566 1.430188679245283 

4.939622641509434 4.758490566037736 
4.260377358490566 1.679245283018868 

5.0754716981132075 4.622641509433962 
3.3773584905660377 2.69811320754717 

5.211320754716981 4.486792452830189 
2.4943396226415095 3.716981132075472 

4.996226415094339 4.271698113207547 
2.030188679245283 4.226415094339623 

4.079245283018868 3.89811320754717 
2.4037735849056605 3.716981132075472 

3.162264150943396 3.524528301886792 
2.777358490566037 3.2075471698113205 

2.2452830188679247 3.150943396226415 
3.150943396226415 2.69811320754717 

3.162264150943396 4.305660377358491 
4.033962264150943 3.343396226415094 

4.079245283018868 5.460377358490566 
4.916981132075472 3.988679245283019 

4.996226415094339 6.615094339622641 
5.8 4.633962264150943 

